433 0 0
438 0 0
443 0 0
447 0 0
452 0 0
457 0 0
462 0 0
467 0 0
471 0 0
476 0 0
481 0 0
486 0 0
491 0 0
495 0 0
500 0 0
505 0 0
510 1 0
514 2 0
518 6 0
522 10 0
526 14 0
530 18 0
534 22 0
538 26 0
542 30 0
546 34 0
550 38 0
554 42 0
558 46 0
562 50 0
566 54 0
570 58 0
574 62 0
578 66 0
581 70 0
585 74 0
589 78 0
593 81 0
597 85 0
601 89 0
604 93 0
608 97 0
612 100 0
616 104 0
619 108 0
623 111 0
627 115 0
630 119 0
634 122 0
638 126 0
641 130 0
645 133 0
648 137 0
652 141 0
656 144 0
659 148 0
663 151 0
666 155 0
670 158 0
673 162 0
677 165 0
680 169 0
684 173 0
688 176 0
691 180 0
695 183 0
698 187 0
702 190 0
705 193 0
708 197 0
712 200 0
715 204 0
719 207 0
722 211 0
726 214 0
729 218 0
733 221 0
736 225 0
740 228 0
743 231 0
746 235 0
750 238 0
753 242 0
757 245 0
760 249 0
763 252 0
767 255 0
770 259 0
774 262 0
777 266 0
781 269 0
784 272 0
787 276 0
791 279 0
794 283 0
798 286 0
801 289 0
804 293 0
808 296 0
811 300 0
815 303 0
818 306 0
821 310 0
825 313 0
828 317 0
832 320 0
835 323 0
838 327 0
842 330 0
845 334 0
849 337 0
852 340 0
855 344 0
859 347 0
862 351 0
866 354 0
869 358 0
872 361 0
876 364 0
879 368 0
883 371 0
886 375 0
890 378 0
893 381 0
896 385 0
900 388 0
903 392 0
907 395 0
910 399 0
914 402 0
917 406 0
921 409 0
924 412 0
927 416 0
931 419 0
934 423 0
938 426 0
941 430 0
945 433 0
948 437 0
952 440 0
955 444 0
959 447 0
962 451 0
966 454 0
969 458 0
973 461 0
976 465 0
980 468 0
983 472 0
987 475 0
990 479 0
994 482 0
997 486 0
1001 489 0
1004 493 0
1008 496 0
1012 500 0
1015 504 0
1019 507 0
1021 512 2
1023 517 5
1023 523 12
1023 530 19
1023 537 25
1023 543 32
1023 550 38
1023 556 45
1023 563 51
1023 569 58
1023 576 64
1023 582 71
1023 588 77
1023 595 83
1023 601 89
1023 607 95
1023 613 102
1023 619 108
1023 625 114
1023 631 120
1023 637 126
1023 643 132
1023 649 138
1023 655 144
1023 661 150
1023 667 156
1023 673 162
1023 679 167
1023 685 173
1023 691 179
1023 696 185
1023 702 191
1023 708 196
1023 714 202
1023 719 208
1023 725 214
1023 731 219
1023 737 225
1023 742 231
1023 748 237
1023 754 242
1023 759 248
1023 765 253
1023 771 259
1023 776 265
1023 782 270
1023 787 276
1023 793 282
1023 799 287
1023 804 293
1023 810 298
1023 815 304
1023 821 310
1023 827 315
1023 832 321
1023 838 326
1023 843 332
1023 849 337
1023 854 343
1023 860 348
1023 865 354
1023 871 359
1023 876 365
1023 882 371
1023 888 376
1023 893 382
1023 899 387
1023 904 393
1023 910 398
1023 915 404
1023 921 409
1023 926 415
1023 932 420
1023 937 426
1023 943 431
1023 948 437
1023 954 442
1023 959 448
1023 965 453
1023 971 459
1023 976 465
1023 982 470
1023 987 476
1023 993 481
1023 998 487
1023 1004 492
1023 1009 498
1023 1015 503
1023 1021 509
1023 1023 573
1023 1023 669
1023 1023 753
1023 1023 828
1023 1023 898
1023 1023 962
1023 1023 1023
