1023 0 0
1023 28 0
1023 55 0
1023 76 0
1023 93 0
1023 107 0
1023 120 0
1023 132 0
1023 143 0
1023 153 0
1023 163 0
1023 172 0
1023 181 0
1023 189 0
1023 197 0
1023 205 0
1023 212 0
1023 219 0
1023 226 0
1023 233 0
1023 239 0
1023 246 0
1023 252 0
1023 258 0
1023 264 0
1023 270 0
1023 276 0
1023 281 0
1023 287 0
1023 292 0
1023 297 0
1023 303 0
1023 308 0
1023 313 0
1023 318 0
1023 323 0
1023 328 0
1023 332 0
1023 337 0
1023 342 0
1023 347 0
1023 351 0
1023 356 0
1023 360 0
1023 365 0
1023 369 0
1023 373 0
1023 378 0
1023 382 0
1023 386 0
1023 390 0
1023 394 0
1023 398 0
1023 403 0
1023 407 0
1023 411 0
1023 415 0
1023 419 0
1023 422 0
1023 426 0
1023 430 0
1023 434 0
1023 438 0
1023 442 0
1023 445 0
1023 449 0
1023 453 0
1023 457 0
1023 460 0
1023 464 0
1023 468 0
1023 471 0
1023 475 0
1023 478 0
1023 482 0
1023 486 0
1023 489 0
1023 493 0
1023 496 0
1023 500 0
1023 503 0
1023 507 0
1023 510 0
1023 513 0
1023 517 0
1023 520 0
1023 524 0
1023 527 0
1023 530 0
1023 534 0
1023 537 0
1023 540 0
1023 544 0
1023 547 0
1023 550 0
1023 554 0
1023 557 0
1023 560 0
1023 563 0
1023 567 0
1023 570 0
1023 573 0
1023 576 0
1023 579 0
1023 583 0
1023 586 0
1023 589 0
1023 592 0
1023 595 0
1023 599 0
1023 602 0
1023 605 0
1023 608 0
1023 611 0
1023 614 0
1023 617 0
1023 620 0
1023 623 0
1023 627 0
1023 630 0
1023 633 0
1023 636 0
1023 639 0
1023 642 0
1023 645 0
1023 648 0
1023 651 0
1023 654 0
1023 657 0
1023 660 0
1023 663 0
1023 666 0
1023 669 0
1023 672 0
1023 675 0
1023 678 0
1023 681 0
1023 684 0
1023 687 0
1023 690 0
1023 693 0
1023 696 0
1023 699 0
1023 702 0
1023 705 0
1023 708 0
1023 711 0
1023 714 0
1023 717 0
1023 720 0
1023 722 0
1023 725 0
1023 728 0
1023 731 0
1023 734 0
1023 737 0
1023 740 0
1023 743 0
1023 746 0
1023 749 0
1023 752 0
1023 755 0
1023 757 0
1023 760 0
1023 763 0
1023 766 0
1023 769 0
1023 772 0
1023 775 0
1023 778 0
1023 781 0
1023 783 0
1023 786 0
1023 789 0
1023 792 0
1023 795 0
1023 798 0
1023 801 0
1023 804 0
1023 806 0
1023 809 0
1023 812 0
1023 815 0
1023 818 0
1023 821 0
1023 824 0
1023 826 0
1023 829 0
1023 832 0
1023 835 0
1023 838 0
1023 841 0
1023 844 0
1023 846 0
1023 849 0
1023 852 0
1023 855 0
1023 858 0
1023 861 0
1023 863 0
1023 866 0
1023 869 0
1023 872 0
1023 875 0
1023 878 0
1023 881 0
1023 883 0
1023 886 0
1023 889 0
1023 892 0
1023 895 0
1023 898 0
1023 900 0
1023 903 0
1023 906 0
1023 909 0
1023 912 0
1023 915 0
1023 917 0
1023 920 0
1023 923 0
1023 926 0
1023 929 0
1023 932 0
1023 935 0
1023 937 0
1023 940 0
1023 943 0
1023 946 0
1023 949 0
1023 952 0
1023 954 0
1023 957 0
1023 960 0
1023 963 0
1023 966 0
1023 969 0
1023 972 0
1023 974 0
1023 977 0
1023 980 0
1023 983 0
1023 986 0
1023 989 0
1023 992 0
1023 994 0
1023 997 0
1023 1000 0
1023 1003 0
1023 1006 0
1023 1009 0
1023 1012 0
1023 1014 0
1023 1017 0
1023 1020 0
1023 1023 0
