504 -260 -22
508 -262 -23
513 -265 -23
517 -267 -24
522 -269 -25
526 -271 -26
530 -274 -27
535 -276 -27
539 -278 -28
543 -280 -29
548 -282 -30
552 -284 -31
557 -285 -32
561 -287 -33
565 -289 -33
569 -291 -34
574 -292 -35
578 -294 -36
582 -295 -37
587 -297 -38
591 -298 -39
595 -300 -39
599 -301 -40
604 -302 -41
608 -304 -42
612 -305 -43
616 -306 -44
621 -307 -45
625 -308 -45
629 -309 -46
633 -310 -47
638 -310 -48
642 -311 -49
646 -312 -49
650 -312 -50
654 -313 -51
659 -313 -52
663 -314 -53
667 -314 -53
671 -314 -54
675 -315 -55
680 -315 -55
684 -315 -56
688 -315 -57
692 -315 -57
696 -314 -58
700 -314 -59
705 -314 -59
709 -313 -60
713 -313 -60
717 -312 -61
721 -312 -61
725 -311 -62
730 -310 -62
734 -310 -63
738 -309 -63
742 -308 -64
746 -306 -64
750 -305 -64
754 -304 -65
759 -303 -65
763 -301 -65
767 -300 -65
771 -298 -66
775 -296 -66
779 -295 -66
783 -293 -66
788 -291 -66
792 -289 -66
796 -286 -66
800 -284 -66
804 -282 -66
808 -279 -66
812 -277 -66
817 -274 -66
821 -272 -66
825 -269 -66
829 -266 -65
833 -263 -65
837 -260 -65
841 -256 -64
846 -253 -64
850 -250 -64
854 -246 -63
858 -242 -63
862 -238 -62
866 -235 -61
870 -231 -61
875 -227 -60
879 -222 -59
883 -218 -59
887 -214 -58
891 -209 -57
895 -204 -56
900 -199 -55
904 -195 -54
908 -190 -53
912 -184 -52
916 -179 -50
920 -174 -49
925 -168 -48
929 -162 -47
933 -157 -45
937 -151 -44
941 -145 -42
945 -139 -41
950 -132 -39
954 -126 -37
958 -119 -36
962 -113 -34
966 -106 -32
971 -99 -30
975 -92 -28
979 -84 -26
983 -77 -24
987 -69 -21
992 -62 -19
996 -54 -17
1000 -46 -14
1004 -38 -12
1008 -30 -9
1013 -21 -7
1017 -13 -4
1021 -4 -1
1023 31 0
1023 76 0
1023 107 0
1023 131 0
1023 152 0
1023 170 0
1023 187 0
1023 202 0
1023 217 0
1023 230 0
1023 243 0
1023 255 0
1023 266 0
1023 277 0
1023 288 0
1023 298 0
1023 308 0
1023 318 0
1023 328 0
1023 337 0
1023 346 0
1023 355 0
1023 363 0
1023 372 0
1023 380 0
1023 388 0
1023 396 0
1023 404 0
1023 412 0
1023 420 0
1023 427 0
1023 435 0
1023 442 0
1023 449 0
1023 457 0
1023 464 0
1023 471 0
1023 478 0
1023 485 0
1023 492 0
1023 498 0
1023 505 0
1023 512 0
1023 518 0
1023 525 0
1023 531 0
1023 538 0
1023 544 0
1023 551 0
1023 557 0
1023 563 0
1023 570 0
1023 576 0
1023 582 0
1023 588 0
1023 594 0
1023 601 0
1023 607 0
1023 613 0
1023 619 0
1023 625 0
1023 631 0
1023 637 0
1023 643 0
1023 648 0
1023 654 0
1023 660 0
1023 666 0
1023 672 0
1023 678 0
1023 683 0
1023 689 0
1023 695 0
1023 701 0
1023 706 0
1023 712 0
1023 718 0
1023 723 0
1023 729 0
1023 735 0
1023 740 0
1023 746 0
1023 752 0
1023 757 0
1023 763 0
1023 769 0
1023 774 0
1023 780 0
1023 785 0
1023 791 0
1023 796 0
1023 802 0
1023 808 0
1023 813 0
1023 819 0
1023 824 0
1023 830 0
1023 835 0
1023 841 0
1023 846 0
1023 852 0
1023 857 0
1023 863 0
1023 868 0
1023 874 0
1023 879 0
1023 885 0
1023 890 0
1023 896 0
1023 901 0
1023 907 0
1023 912 0
1023 918 0
1023 923 0
1023 929 0
1023 935 0
1023 940 0
1023 946 0
1023 951 0
1023 957 0
1023 962 0
1023 968 0
1023 973 0
1023 979 0
1023 984 0
1023 990 0
1023 995 0
1023 1001 0
1023 1006 0
1023 1012 0
1023 1017 0
1023 1023 0
