1023 1023 1023
1019 1019 1019
1015 1015 1015
1011 1011 1011
1007 1007 1007
1003 1003 1003
999 999 999
995 995 995
990 990 990
986 986 986
982 982 982
979 979 979
975 975 975
971 971 971
967 967 967
963 963 963
959 959 959
955 955 955
951 951 951
947 947 947
943 943 943
939 939 939
935 935 935
932 932 932
928 928 928
924 924 924
920 920 920
916 916 916
912 912 912
909 909 909
905 905 905
901 901 901
897 897 897
894 894 894
890 890 890
886 886 886
882 882 882
879 879 879
875 875 875
871 871 871
868 868 868
864 864 864
860 860 860
857 857 857
853 853 853
849 849 849
846 846 846
842 842 842
839 839 839
835 835 835
831 831 831
828 828 828
824 824 824
821 821 821
817 817 817
814 814 814
810 810 810
807 807 807
803 803 803
799 799 799
796 796 796
793 793 793
789 789 789
786 786 786
782 782 782
779 779 779
775 775 775
772 772 772
768 768 768
765 765 765
761 761 761
758 758 758
755 755 755
751 751 751
748 748 748
745 745 745
741 741 741
738 738 738
734 734 734
731 731 731
728 728 728
724 724 724
721 721 721
718 718 718
714 714 714
711 711 711
708 708 708
705 705 705
701 701 701
698 698 698
695 695 695
692 692 692
688 688 688
685 685 685
682 682 682
679 679 679
675 675 675
672 672 672
669 669 669
666 666 666
662 662 662
659 659 659
656 656 656
653 653 653
650 650 650
647 647 647
643 643 643
640 640 640
637 637 637
634 634 634
631 631 631
628 628 628
625 625 625
622 622 622
618 618 618
615 615 615
612 612 612
609 609 609
606 606 606
603 603 603
600 600 600
597 597 597
594 594 594
591 591 591
588 588 588
585 585 585
582 582 582
578 578 578
575 575 575
572 572 572
569 569 569
566 566 566
563 563 563
560 560 560
557 557 557
554 554 554
551 551 551
548 548 548
545 545 545
542 542 542
539 539 539
537 537 537
534 534 534
531 531 531
528 528 528
525 525 525
522 522 522
519 519 519
516 516 516
513 513 513
510 510 510
507 507 507
504 504 504
501 501 501
498 498 498
496 496 496
493 493 493
490 490 490
487 487 487
484 484 484
481 481 481
478 478 478
475 475 475
472 472 472
470 470 470
467 467 467
464 464 464
461 461 461
458 458 458
455 455 455
452 452 452
450 450 450
447 447 447
444 444 444
441 441 441
438 438 438
436 436 436
433 433 433
430 430 430
427 427 427
424 424 424
421 421 421
419 419 419
416 416 416
413 413 413
410 410 410
407 407 407
405 405 405
402 402 402
399 399 399
396 396 396
394 394 394
391 391 391
388 388 388
385 385 385
383 383 383
380 380 380
377 377 377
374 374 374
371 371 371
369 369 369
366 366 366
363 363 363
361 361 361
358 358 358
355 355 355
352 352 352
350 350 350
347 347 347
344 344 344
341 341 341
339 339 339
336 336 336
333 333 333
330 330 330
328 328 328
325 325 325
322 322 322
320 320 320
317 317 317
314 314 314
311 311 311
309 309 309
306 306 306
303 303 303
301 301 301
298 298 298
295 295 295
292 292 292
290 290 290
287 287 287
284 284 284
282 282 282
279 279 279
276 276 276
274 274 274
271 271 271
268 268 268
265 265 265
263 263 263
260 260 260
257 257 257
255 255 255
252 252 252
249 249 249
247 247 247
244 244 244
241 241 241
238 238 238
236 236 236
233 233 233
230 230 230
228 228 228
225 225 225
222 222 222
219 219 219
