991 1007 1023
985 1003 1021
980 1000 1019
974 996 1018
969 993 1016
963 989 1014
958 986 1012
952 982 1011
947 979 1009
941 975 1007
936 972 1005
930 968 1004
925 965 1002
919 961 1000
914 958 998
908 954 997
903 951 995
898 947 993
892 944 991
887 940 990
882 937 988
877 933 986
871 930 984
866 926 983
861 923 981
856 920 979
851 916 978
846 913 976
841 909 974
835 906 973
830 903 971
825 899 969
820 896 967
815 892 966
810 889 964
805 886 962
800 882 961
795 879 959
789 876 957
782 873 955
776 871 952
769 868 950
763 865 948
756 862 946
750 860 943
744 857 941
737 854 939
731 852 937
724 849 934
718 846 932
711 843 930
705 841 928
699 838 925
692 835 923
686 833 921
680 830 919
673 827 916
667 824 914
660 822 912
654 819 910
648 816 908
641 814 905
635 811 903
629 808 902
624 805 900
618 802 899
613 799 898
607 796 897
602 793 896
596 790 895
591 787 893
585 784 892
580 781 891
574 778 890
569 775 889
563 772 887
558 769 886
552 766 885
547 763 884
541 760 883
536 757 882
531 754 880
525 751 879
520 748 878
514 745 877
509 742 876
503 739 874
498 736 873
492 733 872
487 730 871
482 727 870
476 724 869
471 721 867
465 718 866
460 715 865
455 712 864
449 709 863
444 706 862
438 703 860
433 700 859
428 697 858
423 694 856
419 691 854
414 688 853
410 685 851
405 682 849
401 679 847
396 675 846
392 672 844
387 669 842
383 666 840
378 663 839
374 660 837
369 657 835
365 654 833
360 651 832
356 648 830
351 645 828
347 642 826
343 639 825
338 636 823
334 633 821
329 630 819
325 627 818
320 624 816
316 621 814
311 618 813
307 615 811
303 612 809
298 608 807
294 605 806
289 602 804
285 599 802
280 596 800
276 593 799
271 590 797
267 587 795
263 584 794
260 581 792
257 578 790
254 574 789
250 571 787
247 568 785
244 565 784
241 562 782
238 558 780
234 555 779
231 552 777
228 549 775
225 546 774
222 542 772
218 539 770
215 536 769
212 533 767
209 530 765
206 527 764
202 523 762
199 520 761
196 517 759
193 514 757
190 511 756
186 507 754
183 504 752
180 501 751
177 498 749
174 495 747
171 492 746
167 488 744
164 485 743
161 482 741
158 479 739
155 476 738
152 472 736
148 469 734
145 466 733
142 463 731
139 460 729
136 457 728
133 453 726
130 450 724
128 447 721
125 444 719
123 441 716
120 438 714
118 435 712
115 432 709
113 428 707
111 425 704
108 422 702
106 419 699
103 416 697
101 413 695
98 410 692
96 407 690
94 404 687
91 400 685
89 397 682
86 394 680
84 391 678
81 388 675
79 385 673
76 382 670
74 379 668
72 376 665
69 372 663
67 369 661
64 366 658
62 363 656
59 360 653
57 357 651
55 354 648
52 351 646
50 347 643
47 344 641
45 341 639
42 338 636
40 335 634
37 332 631
35 329 629
33 326 626
32 323 622
32 320 618
32 317 614
32 314 609
32 311 605
32 308 601
32 305 597
32 302 592
32 299 588
32 297 584
32 294 579
32 291 575
32 288 571
32 285 567
32 282 562
32 279 558
32 276 554
32 273 549
32 271 545
32 268 541
32 265 536
32 262 532
32 259 528
32 256 524
32 253 519
32 250 515
32 247 511
32 245 506
32 242 502
32 239 498
32 236 493
32 233 489
32 230 485
32 227 480
32 224 476
32 221 472
