991 1007 1023
985 1003 1021
979 1000 1019
974 996 1017
968 992 1016
962 988 1014
956 985 1012
951 981 1010
945 977 1008
939 974 1006
933 970 1005
928 967 1003
922 963 1001
917 959 999
911 956 997
905 952 996
900 949 994
894 945 992
889 941 990
883 938 988
878 934 987
872 931 985
867 927 983
862 923 981
856 920 979
851 916 978
846 913 976
840 909 974
835 906 972
830 902 971
825 899 969
819 895 967
814 892 965
809 888 964
804 885 962
798 881 960
793 878 958
786 875 956
779 872 954
773 869 951
766 866 949
759 864 947
753 861 944
746 858 942
739 855 940
732 852 937
726 849 935
719 847 933
713 844 930
706 841 928
699 838 926
693 835 923
686 833 921
679 830 919
673 827 916
666 824 914
660 821 912
653 818 909
646 816 907
640 813 905
633 810 903
628 807 901
622 804 900
616 801 899
610 797 898
605 794 896
599 791 895
593 788 894
587 785 893
582 782 891
576 779 890
570 775 889
565 772 888
559 769 886
553 766 885
548 763 884
542 760 883
536 757 882
531 754 880
525 751 879
519 747 878
514 744 877
508 741 875
502 738 874
497 735 873
491 732 872
485 729 871
480 726 869
474 723 868
469 720 867
463 717 866
457 713 865
452 710 863
446 707 862
440 704 861
435 701 860
429 698 858
425 695 857
420 692 855
415 688 853
410 685 851
406 682 849
401 679 848
396 676 846
392 672 844
387 669 842
383 666 840
378 663 838
373 660 837
369 657 835
364 653 833
359 650 831
355 647 829
350 644 828
345 641 826
341 638 824
336 634 822
332 631 820
327 628 819
322 625 817
318 622 815
313 619 813
308 616 811
304 612 810
299 609 808
295 606 806
290 603 804
285 600 802
281 597 801
276 594 799
272 590 797
267 587 795
263 584 793
260 581 792
256 577 790
253 574 788
250 571 787
246 567 785
243 564 783
240 561 781
236 557 780
233 554 778
230 551 776
226 547 775
223 544 773
220 541 771
216 537 769
213 534 768
210 531 766
207 527 764
203 524 763
200 521 761
197 518 759
193 514 757
190 511 756
187 508 754
183 504 752
180 501 751
177 498 749
173 494 747
170 491 746
167 488 744
164 485 742
160 481 740
157 478 739
154 475 737
150 471 735
147 468 734
144 465 732
140 461 730
137 458 729
134 455 727
131 452 725
128 448 722
126 445 720
123 442 717
121 439 715
118 435 712
116 432 710
113 429 707
111 426 705
108 422 702
106 419 699
103 416 697
101 413 694
98 410 692
96 406 689
93 403 687
91 400 684
88 397 682
86 393 679
83 390 677
80 387 674
78 384 672
75 380 669
73 377 667
70 374 664
68 371 662
65 368 659
63 364 657
60 361 654
58 358 651
55 355 649
53 351 646
50 348 644
48 345 641
45 342 639
43 338 636
40 335 634
37 332 631
35 329 629
32 325 626
32 322 622
32 319 617
32 316 613
32 313 608
32 310 604
32 307 600
32 304 595
32 301 591
32 298 586
32 295 582
32 292 577
32 289 573
32 286 568
32 283 564
32 280 559
32 277 555
32 274 551
32 271 546
32 268 542
32 265 537
32 262 533
32 259 528
32 256 524
32 253 519
32 250 515
32 247 510
32 244 506
32 241 501
32 238 497
32 235 492
32 232 488
32 229 483
32 226 479
32 223 474
32 220 470
32 217 465
32 214 461
32 211 456
32 208 452
32 205 447
32 202 443
32 199 438
32 196 434
32 193 429
