213 213 296
215 215 300
218 218 303
221 221 307
223 223 310
226 226 314
228 228 318
231 231 321
234 234 325
236 236 329
239 239 332
241 241 336
244 244 340
247 247 343
249 249 347
252 252 351
255 255 354
257 257 358
260 260 361
262 262 365
265 265 369
268 268 372
270 270 376
273 273 380
276 276 383
278 278 387
281 281 391
283 283 394
286 286 398
289 289 402
291 291 405
294 294 409
296 296 412
299 299 416
302 302 420
304 304 423
307 307 427
310 310 431
312 312 434
315 315 438
318 318 442
320 320 445
323 323 449
325 325 453
328 328 456
330 331 458
332 334 460
334 337 462
337 340 465
339 343 467
341 346 469
343 349 471
345 353 473
348 356 476
350 359 478
352 362 480
354 365 482
357 368 484
359 371 487
361 374 489
363 377 491
365 380 493
368 383 496
370 386 498
372 389 500
374 392 502
377 395 504
379 398 507
381 401 509
383 404 511
385 408 513
388 411 516
390 414 518
392 417 520
394 420 522
397 423 525
399 426 527
401 429 529
403 432 531
406 435 534
408 438 536
410 442 538
413 445 540
415 448 543
417 451 545
419 454 547
422 457 549
424 460 552
426 463 554
428 467 556
431 470 559
433 473 561
435 476 563
438 479 565
440 482 568
442 485 570
444 489 572
447 492 575
449 495 577
451 498 579
454 501 582
456 504 584
458 508 586
461 511 589
463 514 591
465 517 593
468 520 596
470 524 598
472 527 600
475 530 603
477 533 605
479 537 607
482 540 610
484 543 612
486 546 614
489 550 617
491 553 619
494 556 621
496 559 624
498 563 626
501 566 629
503 569 631
505 572 633
508 576 636
510 579 638
513 582 640
515 586 643
517 589 645
520 592 648
522 596 650
525 599 653
527 602 655
530 606 657
532 609 660
534 612 662
537 616 665
539 619 667
542 622 670
544 626 672
547 629 675
549 632 677
552 636 679
554 639 682
557 643 684
559 646 687
562 650 689
564 653 692
566 656 694
569 660 697
572 663 699
574 667 702
577 670 704
579 674 707
582 677 709
584 681 712
587 684 715
589 688 717
592 691 720
594 695 722
597 698 725
599 702 727
602 705 730
605 709 732
607 712 735
610 716 738
612 719 740
615 723 743
617 726 745
620 730 748
623 734 751
625 737 753
628 741 756
631 744 758
633 748 761
636 752 764
638 755 766
641 759 769
644 763 772
646 766 774
649 770 777
652 774 780
654 777 782
657 781 785
660 785 788
663 788 790
665 792 793
668 796 796
673 799 799
678 802 802
682 805 805
687 808 808
692 811 811
697 814 814
702 817 817
706 820 820
711 824 824
716 827 827
721 830 830
726 833 833
731 836 836
736 839 839
741 842 842
745 845 845
750 849 849
755 852 852
760 855 855
765 858 858
770 861 861
775 864 864
780 868 868
785 871 871
790 874 874
795 877 877
800 880 880
805 884 884
810 887 887
815 890 890
820 893 893
826 897 897
831 900 900
836 903 903
841 906 906
846 910 910
851 913 913
856 916 916
862 920 920
867 923 923
872 926 926
877 930 930
882 933 933
888 936 936
893 940 940
898 943 943
903 946 946
909 950 950
914 953 953
919 957 957
925 960 960
930 963 963
935 967 967
941 970 970
946 974 974
951 977 977
957 981 981
962 984 984
968 988 988
973 991 991
979 995 995
984 998 998
990 1002 1002
995 1005 1005
1001 1009 1009
1006 1012 1012
1012 1016 1016
1017 1019 1019
1023 1023 1023
