0 0 0
0 0 0
1 1 1
2 2 2
3 3 4
4 4 6
6 6 8
8 8 11
10 10 14
12 12 17
15 15 21
18 18 25
21 21 29
24 24 33
27 27 38
31 31 43
35 35 49
39 39 54
43 43 60
47 47 66
52 52 72
56 56 77
60 60 83
64 64 89
68 68 94
72 72 100
76 76 105
79 79 110
83 83 116
87 87 121
91 91 126
95 95 132
98 98 137
102 102 142
106 106 147
110 110 153
113 113 158
117 117 163
121 121 168
124 124 173
128 128 178
132 132 183
135 135 188
139 139 193
143 143 198
146 146 204
150 150 209
153 153 214
157 157 218
161 161 223
164 164 228
168 168 233
171 171 238
175 175 243
178 178 248
182 182 253
185 185 258
189 189 263
192 192 268
196 196 273
200 200 278
203 203 282
207 207 287
210 210 292
214 214 297
217 217 302
221 221 307
224 224 312
228 228 317
231 231 321
235 235 326
238 238 331
241 241 336
245 245 341
248 248 346
252 252 351
255 255 355
259 259 360
262 262 365
266 266 370
269 269 375
273 273 380
276 276 385
280 280 389
283 283 394
287 287 399
290 290 404
294 294 409
297 297 414
301 301 419
304 304 423
308 308 428
311 311 433
315 315 438
318 318 443
322 322 448
325 325 453
329 329 456
332 333 459
334 337 462
337 341 465
340 345 468
343 349 471
346 354 474
349 358 477
352 362 480
355 366 483
358 370 486
361 374 489
364 378 492
367 382 495
370 386 498
373 390 501
376 394 504
379 398 507
382 402 510
385 406 513
388 411 516
391 415 519
394 419 522
397 423 525
400 427 528
403 431 531
406 435 534
409 439 537
412 444 540
415 448 543
418 452 546
421 456 549
424 460 552
427 464 555
430 469 558
433 473 561
436 477 564
439 481 567
442 485 570
445 490 573
448 494 576
451 498 579
454 502 582
458 507 585
461 511 589
464 515 592
467 519 595
470 524 598
473 528 601
476 532 604
479 537 607
482 541 610
486 545 613
489 550 617
492 554 620
495 558 623
498 563 626
501 567 629
505 571 632
508 576 636
511 580 639
514 584 642
517 589 645
521 593 649
524 598 652
527 602 655
530 607 658
534 611 661
537 616 665
540 620 668
543 625 671
547 629 675
550 634 678
553 638 681
557 643 684
560 647 688
563 652 691
566 656 694
570 661 698
573 666 701
577 670 704
580 675 708
583 679 711
587 684 715
590 689 718
593 693 721
597 698 725
600 703 728
604 708 732
607 712 735
611 717 738
614 722 742
617 726 745
621 731 749
624 736 752
628 741 756
631 746 759
635 750 763
638 755 766
642 760 770
646 765 773
649 770 777
653 775 781
656 780 784
660 785 788
663 790 791
667 795 795
673 799 799
679 803 803
686 807 807
692 811 811
698 815 815
705 819 819
711 824 824
718 828 828
724 832 832
731 836 836
737 840 840
744 844 844
750 849 849
757 853 853
764 857 857
770 861 861
777 865 865
784 870 870
790 874 874
797 878 878
804 883 883
810 887 887
817 891 891
824 896 896
831 900 900
837 904 904
844 909 909
851 913 913
858 917 917
865 922 922
872 926 926
879 931 931
886 935 935
893 940 940
900 944 944
907 949 949
914 953 953
921 958 958
928 962 962
935 967 967
943 971 971
950 976 976
957 981 981
964 985 985
971 990 990
979 995 995
986 999 999
993 1004 1004
1001 1009 1009
1008 1013 1013
1016 1018 1018
1023 1023 1023
