337 193 20
344 197 21
351 201 21
358 205 22
365 209 23
373 214 23
380 218 24
387 222 25
394 226 25
401 230 26
408 235 26
415 239 27
423 243 28
430 247 28
437 251 29
444 256 30
451 260 30
458 264 31
465 268 32
473 272 32
480 277 33
487 281 33
494 285 34
501 289 35
509 294 35
516 298 36
523 302 37
530 306 37
538 311 38
545 315 39
552 319 39
559 324 40
566 329 43
571 334 47
577 340 51
583 345 55
589 350 59
594 356 63
600 361 67
606 367 71
612 372 75
618 378 79
624 383 83
629 389 87
635 394 91
641 400 95
647 405 99
653 411 103
659 416 107
665 422 111
670 427 115
676 433 119
682 439 123
688 444 127
694 450 131
700 455 135
706 461 139
712 467 143
718 472 148
724 478 152
730 484 156
736 490 160
743 495 164
749 501 168
755 507 173
761 513 177
767 519 182
770 526 191
774 533 200
777 540 209
781 548 218
785 555 227
788 562 236
792 569 244
795 577 253
799 584 262
803 591 271
806 599 280
810 606 289
813 613 298
817 621 307
821 628 317
824 635 326
828 643 335
832 650 344
835 658 353
839 665 362
843 672 371
846 680 380
850 687 390
854 695 399
857 702 408
861 710 417
865 717 426
868 725 436
872 733 445
876 740 454
880 748 464
883 755 473
887 763 483
891 771 492
895 778 503
899 786 515
903 793 528
908 800 542
912 807 555
917 815 569
921 822 582
926 829 596
930 837 609
935 844 623
939 852 637
944 859 650
948 867 664
953 874 678
957 882 692
962 889 706
966 897 720
971 904 734
976 912 748
980 920 762
985 927 776
987 936 801
986 944 833
985 952 865
985 961 897
984 969 929
983 977 960
971 980 979
954 976 973
937 972 967
920 968 961
904 964 955
887 960 949
870 956 944
853 952 938
836 948 932
819 944 926
802 940 920
788 935 914
775 929 907
763 924 901
750 919 894
737 914 888
724 908 881
711 903 875
699 898 868
686 893 862
673 888 855
660 882 849
648 877 842
635 872 836
622 867 829
610 862 823
597 856 817
584 851 810
572 846 804
559 841 797
546 836 791
534 831 785
521 826 778
511 820 772
502 814 766
493 808 761
485 802 755
476 796 749
468 790 744
460 784 738
451 778 733
443 772 727
435 766 722
426 760 716
418 754 711
410 748 705
402 742 700
394 736 694
385 730 689
377 724 683
369 718 678
361 713 673
353 707 667
345 701 662
337 695 656
329 689 651
321 684 646
313 678 640
305 672 635
297 666 630
289 660 624
281 655 619
273 649 614
265 643 608
257 638 603
249 632 598
241 626 593
233 620 587
225 615 582
217 609 577
210 603 571
204 598 565
198 592 560
192 586 554
185 580 548
179 574 542
173 569 536
167 563 531
161 557 525
155 551 519
149 546 513
143 540 508
137 534 502
130 528 496
124 523 491
118 517 485
112 511 479
106 505 473
100 500 468
94 494 462
88 488 456
82 483 451
76 477 445
70 471 439
64 466 434
58 460 428
52 454 422
46 449 416
40 443 411
34 437 405
28 431 399
22 426 394
16 420 388
10 415 382
6 409 377
4 403 370
4 397 364
4 392 358
3 386 351
3 380 345
3 374 339
3 369 333
3 363 326
3 357 320
3 351 314
3 346 307
2 340 301
2 334 295
2 328 289
2 323 282
2 317 276
2 311 270
2 305 263
1 300 257
1 294 251
1 288 245
1 283 238
1 277 232
