511 295 36
517 299 36
523 302 37
529 306 37
535 309 38
541 313 38
547 316 39
553 320 39
558 323 40
564 327 42
569 331 45
573 336 48
578 340 51
583 345 55
587 349 58
592 354 61
597 358 64
601 362 67
606 367 71
611 371 74
616 376 77
620 380 80
625 385 84
630 389 87
634 393 90
639 398 93
644 402 97
649 407 100
654 411 103
658 416 106
663 420 110
668 425 113
673 429 116
677 434 120
682 439 123
687 443 126
692 448 130
697 452 133
702 457 136
707 461 140
711 466 143
716 471 146
721 475 150
726 480 153
731 484 156
736 489 160
741 494 163
746 498 167
751 503 170
756 508 173
761 512 177
766 517 180
769 523 187
772 529 195
775 535 202
778 541 209
781 547 216
783 552 224
786 558 231
789 564 238
792 570 245
795 576 253
798 582 260
801 588 267
804 594 275
807 600 282
810 606 289
813 612 297
816 618 304
819 624 311
821 630 319
824 636 326
827 642 333
830 648 341
833 654 348
836 660 355
839 666 363
842 672 370
845 678 378
848 684 385
851 690 393
854 696 400
857 702 408
860 708 415
863 714 423
866 720 430
869 727 438
872 733 445
875 739 453
878 745 461
881 751 468
884 757 476
887 764 483
891 770 491
894 776 499
897 782 509
901 788 519
904 794 530
908 800 541
911 806 552
915 812 563
918 818 574
922 824 585
926 830 596
929 836 607
933 842 618
937 848 629
940 854 640
944 860 651
948 866 663
951 872 674
955 878 685
959 884 696
962 890 708
966 896 719
970 903 730
974 909 742
977 915 753
981 921 765
985 927 776
987 934 795
986 941 821
986 948 847
985 954 873
985 961 899
984 968 925
983 974 951
983 981 976
979 982 982
966 979 977
952 975 972
938 972 967
925 969 963
911 966 958
897 962 953
884 959 948
870 956 944
856 953 939
843 949 934
829 946 929
815 943 925
801 939 920
790 935 915
780 931 909
769 927 904
759 923 899
748 918 893
738 914 888
727 910 883
717 906 877
707 901 872
696 897 867
686 893 862
676 889 856
665 884 851
655 880 846
645 876 841
634 872 836
624 868 830
614 863 825
604 859 820
593 855 815
583 851 809
573 847 804
562 842 799
552 838 794
542 834 789
532 830 783
521 826 778
513 821 773
505 816 769
498 811 764
491 806 759
484 801 755
478 797 750
471 792 746
464 787 741
457 782 737
450 777 732
444 772 728
437 767 723
430 762 719
424 758 714
417 753 710
410 748 705
404 743 701
397 738 697
390 734 692
384 729 688
377 724 683
370 719 679
364 715 674
357 710 670
351 705 666
344 700 661
338 696 657
331 691 653
325 686 648
318 682 644
311 677 640
305 672 635
298 668 631
292 663 627
286 658 622
279 654 618
273 649 614
266 644 609
260 640 605
253 635 601
247 630 596
240 626 592
234 621 588
228 616 584
221 612 579
215 607 575
209 603 570
204 598 566
199 593 561
194 588 556
189 584 552
184 579 547
179 574 542
174 570 538
169 565 533
164 560 528
159 556 523
154 551 519
149 546 514
145 542 509
140 537 505
135 532 500
130 528 496
125 523 491
120 518 486
115 514 482
110 509 477
105 504 472
100 500 468
95 495 463
90 491 458
85 486 454
81 481 449
76 477 445
71 472 440
66 467 435
61 463 431
56 458 426
51 454 421
46 449 417
41 444 412
36 440 408
31 435 403
27 430 398
22 426 394
17 421 389
12 417 385
