991 1011 1015
983 1008 1013
976 1005 1012
969 1002 1010
961 999 1008
954 996 1007
946 994 1005
939 991 1003
931 988 1002
924 985 1000
917 982 997
910 980 992
903 977 987
895 975 981
888 972 976
881 969 970
874 967 965
867 964 960
860 962 954
853 959 949
846 957 944
839 954 938
832 952 933
825 949 928
818 947 923
811 944 919
804 941 915
797 939 911
790 936 907
784 933 903
777 930 899
770 928 895
763 925 891
756 922 887
749 920 883
743 917 880
736 914 876
729 912 872
722 909 868
715 906 864
709 904 860
702 901 856
695 898 853
688 896 849
682 893 845
675 890 841
668 888 837
661 885 833
654 882 829
648 880 826
641 877 822
634 875 818
627 872 814
621 869 810
614 867 806
608 864 802
601 861 797
595 859 793
589 856 788
583 853 784
576 850 779
570 848 775
564 845 770
558 842 766
552 840 761
545 837 757
539 834 752
533 832 748
527 829 743
520 826 739
514 824 734
508 821 730
502 818 725
496 816 721
489 813 716
483 810 712
477 807 707
471 805 703
464 802 698
458 799 694
452 797 689
446 794 685
440 791 680
433 789 675
427 786 671
421 783 666
415 781 662
409 778 657
404 775 651
398 772 645
393 770 638
388 767 632
383 764 626
378 761 619
373 759 613
368 756 607
363 753 600
358 751 594
353 748 588
348 745 582
343 742 575
338 740 569
333 737 563
327 734 556
322 731 550
317 729 544
312 726 537
307 723 531
302 720 525
297 718 518
292 715 512
287 712 506
282 709 499
277 707 493
271 704 487
266 701 480
262 698 474
258 695 469
256 692 465
253 689 461
250 686 456
247 683 452
245 679 447
242 676 443
239 673 438
237 670 434
234 667 430
231 664 425
229 661 421
226 657 417
223 654 412
221 651 408
218 648 403
215 645 399
213 642 395
210 639 390
207 636 386
205 633 382
202 630 377
199 626 373
197 623 369
194 620 364
191 617 360
189 614 356
186 611 352
184 608 347
181 605 343
178 602 339
176 599 334
173 596 330
170 593 326
168 590 322
165 587 317
163 584 313
160 580 309
157 577 305
155 574 300
152 571 296
150 568 292
147 565 288
144 562 283
142 559 279
139 556 276
135 553 273
132 550 271
128 547 268
125 544 266
121 541 263
118 538 260
114 535 258
110 532 255
107 529 253
103 526 250
100 523 248
96 520 245
93 517 243
89 514 240
86 511 238
82 508 235
79 505 233
75 502 230
72 499 228
68 496 225
64 493 223
61 489 220
57 486 217
54 483 215
50 480 212
47 477 210
43 474 207
40 471 205
36 468 202
32 465 200
29 462 197
25 459 195
22 456 192
18 453 190
15 450 187
11 447 185
8 444 182
4 441 180
1 438 177
0 435 176
0 432 174
0 428 173
0 425 172
0 422 170
0 419 169
0 416 168
0 413 166
0 409 165
0 406 164
0 403 162
0 400 161
0 397 160
0 394 158
0 390 157
0 387 156
0 384 154
0 381 153
0 378 152
0 375 151
0 372 149
0 368 148
0 365 147
0 362 145
0 359 144
0 356 143
0 353 141
0 350 140
0 346 139
0 343 138
0 340 136
0 337 135
0 334 134
0 331 132
0 328 131
0 324 130
0 321 128
0 318 127
0 315 126
0 312 125
0 309 123
0 306 122
0 302 121
0 299 119
0 296 118
0 293 117
0 290 115
0 287 114
0 284 113
0 281 112
0 277 110
0 274 109
-2 271 107
-5 268 105
