991 1011 1015
985 1007 1013
980 1003 1011
974 999 1008
968 995 1006
963 991 1004
957 987 1002
952 984 1000
946 980 997
940 976 995
935 972 993
929 968 991
924 964 989
918 961 987
913 957 984
907 953 982
902 949 980
897 945 978
892 941 976
887 938 974
881 934 972
876 930 969
871 926 967
866 922 965
861 918 963
856 915 961
851 911 959
846 907 957
841 903 955
836 900 952
831 896 950
826 892 948
821 888 946
817 885 944
812 881 942
807 877 940
802 873 938
797 870 936
792 866 934
787 862 932
783 859 930
778 855 928
773 852 926
768 848 923
763 844 922
758 841 920
753 837 918
748 834 916
743 830 914
738 827 912
733 823 911
728 820 909
723 816 907
718 813 905
713 809 903
708 806 902
703 802 900
698 799 898
693 796 896
688 792 894
683 789 893
678 785 891
673 782 889
669 778 887
664 775 885
659 772 884
654 768 882
649 765 880
644 762 878
640 758 877
635 755 875
632 751 873
630 747 871
628 742 868
626 738 866
624 734 864
622 730 862
620 726 860
618 722 857
616 718 855
615 713 853
613 709 851
611 705 849
609 701 847
607 697 844
605 693 842
603 689 840
601 685 838
599 681 836
597 677 834
595 673 832
593 669 830
591 665 827
589 661 825
588 657 823
586 652 821
584 648 819
582 644 817
580 641 815
578 637 813
576 633 811
574 629 808
572 625 806
571 621 804
569 617 802
567 613 800
565 609 798
563 605 796
562 601 794
562 596 792
562 592 789
562 587 787
562 582 785
562 578 783
562 573 780
562 569 778
562 564 776
562 559 774
562 555 771
562 550 769
562 545 767
562 541 765
562 536 762
562 532 760
562 527 758
562 522 755
562 518 753
562 513 751
562 508 749
562 503 746
562 499 744
562 494 742
562 489 739
562 485 737
562 480 735
562 475 732
562 470 730
562 466 728
562 461 725
562 456 723
562 451 721
562 446 718
562 441 716
562 436 714
562 432 711
561 427 709
561 422 707
561 417 704
560 413 702
560 408 700
559 403 698
559 398 695
558 393 693
558 389 691
557 384 688
557 379 686
556 374 684
556 369 681
555 364 679
555 359 677
554 354 674
554 349 672
554 344 670
553 339 667
553 334 665
552 329 662
552 324 660
551 318 657
551 313 655
550 308 652
550 303 650
549 297 647
549 292 645
548 286 642
548 281 639
547 275 637
546 270 634
546 264 631
545 259 628
545 253 625
544 248 621
543 242 618
542 237 614
541 231 610
541 226 607
540 220 603
539 214 599
538 208 595
537 202 591
537 196 587
536 190 583
535 184 579
534 178 575
533 171 571
532 165 567
531 158 562
530 151 558
529 145 553
528 137 548
527 130 544
526 123 539
525 115 534
524 107 528
523 99 523
522 91 518
521 82 512
519 73 506
518 63 499
514 60 495
510 58 490
506 57 486
501 55 482
497 54 478
492 53 474
488 52 470
483 50 465
479 49 461
475 48 457
470 47 453
466 45 449
461 44 445
457 43 440
453 41 436
448 40 432
444 39 428
439 38 424
435 36 420
430 35 415
426 34 411
422 33 407
417 31 403
413 30 399
408 29 395
404 27 391
400 26 386
395 25 382
391 24 378
387 22 374
382 21 370
378 20 366
374 19 362
369 17 358
365 16 354
361 15 350
356 14 345
352 12 341
348 11 337
343 10 333
339 9 329
335 7 325
330 6 321
326 5 317
322 4 313
317 2 309
313 1 305
309 0 301
