991 1011 1015
986 1008 1013
982 1004 1011
977 1001 1009
972 998 1008
967 995 1006
963 991 1004
958 988 1002
954 985 1000
949 982 999
944 979 997
940 975 995
935 972 993
931 969 991
926 966 990
921 963 988
917 960 986
912 956 984
908 953 982
903 950 981
899 947 979
895 944 977
890 941 975
886 937 974
882 934 972
878 931 970
874 928 968
869 925 966
865 921 965
861 918 963
857 915 961
853 912 959
849 909 958
844 906 956
840 903 954
836 899 952
832 896 951
828 893 949
824 890 947
820 887 945
816 884 944
812 881 942
808 878 940
804 875 939
800 872 937
795 869 935
791 866 933
787 863 932
783 860 930
779 856 928
775 853 927
771 850 925
767 847 923
763 844 922
759 842 920
755 839 919
751 836 917
747 833 916
742 830 914
738 827 913
734 824 911
730 821 909
726 818 908
722 815 906
718 813 905
713 810 903
709 807 902
705 804 900
701 801 899
697 798 898
693 795 896
689 792 895
685 790 893
681 787 892
677 784 890
673 781 889
668 778 887
664 776 886
660 773 884
656 770 883
652 767 881
648 764 880
644 762 878
640 759 877
636 756 875
633 753 874
632 749 872
630 746 870
628 742 868
627 739 867
625 736 865
623 732 863
622 729 861
620 725 859
619 722 858
617 718 856
615 715 854
614 712 852
612 708 850
610 705 849
609 701 847
607 698 845
606 695 843
604 691 841
602 688 840
601 684 838
599 681 836
598 678 834
596 674 833
594 671 831
593 668 829
591 664 827
590 661 826
588 658 824
587 654 822
585 651 820
583 648 819
582 644 817
580 641 815
579 638 813
577 634 812
576 631 810
574 628 808
572 625 806
571 621 805
569 618 803
568 615 801
566 611 799
565 608 798
563 605 796
562 601 794
562 598 792
562 594 791
562 590 789
562 586 787
562 583 785
562 579 783
562 575 781
562 571 779
562 567 778
562 563 776
562 560 774
562 556 772
562 552 770
562 548 768
562 544 766
562 540 764
562 537 763
562 533 761
562 529 759
562 525 757
562 521 755
562 517 753
562 513 751
562 510 749
562 506 747
562 502 745
562 498 744
562 494 742
562 490 740
562 486 738
562 482 736
562 478 734
562 474 732
562 470 730
562 466 728
562 462 726
562 458 724
562 454 722
562 450 720
562 446 718
562 442 716
562 438 714
562 434 712
562 430 711
561 426 709
561 422 707
561 418 705
560 414 703
560 410 701
559 406 699
559 403 697
559 399 695
558 395 694
558 391 692
558 387 690
557 383 688
557 378 686
556 374 684
556 370 682
556 366 680
555 362 678
555 358 676
554 354 674
554 350 672
554 346 670
553 341 668
553 337 666
552 333 664
552 329 662
552 324 660
551 320 658
551 316 656
550 311 654
550 307 652
550 303 650
549 298 648
549 294 645
548 289 643
548 285 641
547 280 639
547 275 637
547 271 635
546 266 632
546 261 630
545 257 627
544 252 624
544 248 621
543 243 618
543 239 615
542 234 612
541 230 609
541 225 606
540 220 603
539 215 600
539 211 597
538 206 594
537 201 590
537 196 587
536 191 584
535 186 580
534 180 577
534 175 573
533 170 570
532 164 566
531 159 563
531 153 559
530 148 555
529 142 551
528 136 547
527 130 544
526 124 539
526 117 535
525 111 531
524 104 527
523 98 522
522 91 518
521 83 513
520 76 508
519 68 503
517 61 498
514 59 494
510 58 490
506 57 487
503 56 484
499 55 480
