118 -450 1016
108 -406 1015
98 -362 1014
88 -319 1014
77 -276 1014
66 -234 1015
54 -192 1016
42 -150 1017
29 -109 1018
17 -67 1020
6 -25 1022
12 12 1023
43 43 1023
69 69 1023
89 89 1023
107 107 1023
122 122 1023
136 136 1023
149 149 1023
162 162 1023
173 173 1023
184 184 1023
195 195 1023
205 205 1023
215 215 1023
225 225 1023
234 234 1023
244 244 1023
253 253 1023
261 261 1023
270 270 1023
279 279 1023
287 287 1023
295 295 1023
304 304 1023
312 312 1023
320 320 1023
328 328 1023
335 335 1023
343 343 1023
351 351 1023
359 359 1023
366 366 1023
374 374 1023
381 381 1023
389 389 1023
396 396 1023
404 404 1023
411 411 1023
418 418 1023
426 426 1023
433 433 1023
440 440 1023
448 448 1023
455 455 1023
462 462 1023
469 469 1023
477 477 1023
484 484 1023
491 491 1023
498 498 1023
505 505 1023
513 513 1023
520 520 1023
527 527 1023
534 534 1023
541 541 1023
549 549 1023
556 556 1023
563 563 1023
570 570 1023
577 577 1023
585 585 1023
592 592 1023
599 599 1023
606 606 1023
614 614 1023
621 621 1023
628 628 1023
635 635 1023
643 643 1023
650 650 1023
657 657 1023
665 665 1023
672 672 1023
680 680 1023
687 687 1023
694 694 1023
702 702 1023
709 709 1023
717 717 1023
724 724 1023
732 732 1023
740 740 1023
747 747 1023
755 755 1023
762 762 1023
770 770 1023
778 778 1023
785 785 1023
793 793 1023
801 801 1023
809 809 1023
817 817 1023
825 825 1023
832 832 1023
840 840 1023
848 848 1023
856 856 1023
864 864 1023
872 872 1023
881 881 1023
889 889 1023
897 897 1023
905 905 1023
913 913 1023
922 922 1023
930 930 1023
938 938 1023
947 947 1023
955 955 1023
964 964 1023
972 972 1023
981 981 1023
989 989 1023
998 998 1023
1007 1007 1023
1015 1015 1023
1023 1013 1013
1023 1002 1002
1023 991 991
1023 980 980
1023 969 969
1023 958 958
1023 947 947
1023 936 936
1023 925 925
1023 914 914
1023 903 903
1023 893 893
1023 882 882
1023 871 871
1023 860 860
1023 849 849
1023 838 838
1023 827 827
1023 816 816
1023 805 805
1023 794 794
1023 783 783
1023 772 772
1023 761 761
1023 750 750
1023 739 739
1023 728 728
1023 717 717
1023 706 706
1023 694 694
1023 683 683
1023 672 672
1023 661 661
1023 649 649
1023 638 638
1023 626 626
1023 614 614
1023 603 603
1023 591 591
1023 579 579
1023 567 567
1023 555 555
1023 542 542
1023 530 530
1023 517 517
1023 505 505
1023 492 492
1023 479 479
1023 465 465
1023 452 452
1023 438 438
1023 423 423
1023 409 409
1023 394 394
1023 379 379
1023 363 363
1023 346 346
1023 329 329
1023 311 311
1023 293 293
1023 273 273
1023 251 251
1023 228 228
1023 203 203
1023 174 174
1023 140 140
1023 97 97
1023 24 24
1016 -14 -4
1008 -31 -10
999 -48 -15
990 -64 -20
982 -80 -24
973 -95 -29
964 -109 -33
956 -123 -37
947 -136 -40
938 -149 -43
930 -161 -46
921 -173 -49
912 -184 -52
904 -194 -54
895 -204 -56
887 -214 -58
878 -223 -59
869 -232 -61
861 -240 -62
852 -247 -63
844 -254 -64
835 -261 -65
827 -267 -66
818 -273 -66
810 -279 -66
801 -284 -66
792 -288 -66
784 -292 -66
775 -296 -66
767 -300 -65
758 -303 -65
750 -305 -64
741 -308 -63
733 -310 -63
724 -311 -62
715 -313 -61
707 -314 -59
698 -314 -58
690 -315 -57
681 -315 -56
672 -314 -54
664 -314 -53
655 -313 -51
646 -312 -50
638 -310 -48
629 -309 -46
620 -307 -44
611 -304 -43
603 -302 -41
594 -299 -39
585 -296 -37
576 -293 -36
567 -290 -34
558 -286 -32
549 -282 -30
540 -278 -28
531 -274 -27
522 -270 -25
513 -265 -24
504 -260 -22
