496 496 1023
500 500 1023
504 504 1023
508 508 1023
512 512 1023
516 516 1023
519 519 1023
523 523 1023
527 527 1023
531 531 1023
535 535 1023
539 539 1023
542 542 1023
546 546 1023
550 550 1023
554 554 1023
558 558 1023
561 561 1023
565 565 1023
569 569 1023
573 573 1023
577 577 1023
581 581 1023
584 584 1023
588 588 1023
592 592 1023
596 596 1023
600 600 1023
604 604 1023
608 608 1023
611 611 1023
615 615 1023
619 619 1023
623 623 1023
627 627 1023
631 631 1023
635 635 1023
638 638 1023
642 642 1023
646 646 1023
650 650 1023
654 654 1023
658 658 1023
662 662 1023
666 666 1023
670 670 1023
674 674 1023
678 678 1023
682 682 1023
685 685 1023
689 689 1023
693 693 1023
697 697 1023
701 701 1023
705 705 1023
709 709 1023
713 713 1023
717 717 1023
721 721 1023
725 725 1023
729 729 1023
733 733 1023
737 737 1023
741 741 1023
745 745 1023
749 749 1023
753 753 1023
757 757 1023
761 761 1023
766 766 1023
770 770 1023
774 774 1023
778 778 1023
782 782 1023
786 786 1023
790 790 1023
794 794 1023
798 798 1023
803 803 1023
807 807 1023
811 811 1023
815 815 1023
819 819 1023
823 823 1023
828 828 1023
832 832 1023
836 836 1023
840 840 1023
844 844 1023
849 849 1023
853 853 1023
857 857 1023
861 861 1023
866 866 1023
870 870 1023
874 874 1023
879 879 1023
883 883 1023
887 887 1023
892 892 1023
896 896 1023
900 900 1023
905 905 1023
909 909 1023
913 913 1023
918 918 1023
922 922 1023
927 927 1023
931 931 1023
935 935 1023
940 940 1023
944 944 1023
949 949 1023
953 953 1023
958 958 1023
962 962 1023
967 967 1023
971 971 1023
976 976 1023
981 981 1023
985 985 1023
990 990 1023
994 994 1023
999 999 1023
1004 1004 1023
1008 1008 1023
1013 1013 1023
1018 1017 1023
1023 1016 1016
1023 1010 1010
1023 1004 1004
1023 998 999
1023 993 993
1023 987 987
1023 981 981
1023 975 975
1023 969 969
1023 963 963
1023 957 957
1023 952 952
1023 946 946
1023 940 940
1023 934 934
1023 928 928
1023 922 922
1023 917 917
1023 911 911
1023 905 905
1023 899 899
1023 893 893
1023 888 888
1023 882 882
1023 876 876
1023 870 870
1023 864 864
1023 859 859
1023 853 853
1023 847 847
1023 841 841
1023 835 835
1023 830 830
1023 824 824
1023 818 818
1023 812 812
1023 806 806
1023 800 800
1023 795 795
1023 789 789
1023 783 783
1023 777 777
1023 771 771
1023 765 765
1023 760 760
1023 754 754
1023 748 748
1023 742 742
1023 736 736
1023 730 730
1023 724 724
1023 718 718
1023 712 712
1023 707 707
1023 701 701
1023 695 695
1023 689 689
1023 683 683
1023 677 677
1023 671 671
1023 665 665
1023 659 659
1023 652 652
1023 646 646
1023 640 640
1023 634 634
1023 628 628
1023 622 622
1023 616 616
1023 609 609
1023 603 603
1023 597 597
1023 591 591
1023 584 584
1023 578 578
1023 572 572
1023 565 565
1023 559 559
1023 552 552
1023 546 546
1023 539 539
1023 532 532
1023 526 526
1023 519 519
1023 512 512
1023 506 506
1023 499 499
1023 492 492
1023 485 485
1023 478 478
1023 471 471
1023 464 464
1023 456 456
1023 449 449
1023 442 442
1023 434 434
1023 427 427
1023 419 419
1023 411 411
1023 403 403
1023 395 395
1023 387 387
1023 379 379
1023 371 371
1023 362 362
1023 354 354
1023 345 345
1023 336 336
1023 326 326
1023 317 317
1023 307 307
1023 297 297
1023 287 287
1023 277 277
1023 266 266
1023 254 254
1023 242 242
1023 230 230
1023 217 217
1023 203 203
1023 188 188
1023 172 172
1023 155 155
1023 136 136
1023 113 113
1023 86 86
1023 50 50
1023 0 0
