136 140 652
138 147 656
141 155 660
144 162 664
147 169 668
151 176 672
154 183 676
157 189 680
161 196 684
164 202 689
168 208 693
171 214 697
175 220 702
179 226 706
182 232 710
186 238 715
190 244 719
194 250 724
198 255 728
202 261 733
206 267 738
210 272 742
214 278 747
218 283 752
222 289 756
226 294 761
230 300 766
235 305 771
238 311 775
242 316 780
246 322 785
249 327 790
253 333 795
257 338 800
261 344 804
264 349 809
268 355 814
272 360 819
276 366 824
279 371 828
283 377 833
287 382 837
291 388 842
295 393 846
299 399 851
303 405 855
307 410 860
311 416 864
315 421 868
319 427 873
323 432 877
327 438 881
332 444 885
336 449 889
340 455 893
344 461 898
348 466 902
353 472 906
357 478 909
362 483 913
366 489 917
371 495 921
375 500 925
380 506 928
384 512 932
389 517 936
394 523 940
398 529 943
403 535 946
408 540 950
413 546 953
418 552 956
423 558 960
428 564 963
433 570 966
438 575 969
443 581 972
449 587 975
454 593 978
460 599 981
465 605 984
470 611 987
476 617 989
481 623 992
487 629 994
493 634 997
499 640 999
505 646 1001
511 652 1003
517 658 1006
523 664 1008
529 671 1009
536 677 1011
542 683 1012
549 689 1014
555 695 1016
561 701 1017
568 707 1019
575 713 1019
582 719 1020
589 725 1021
597 731 1021
604 738 1022
611 744 1023
619 750 1022
627 756 1022
635 762 1022
643 768 1022
651 774 1021
659 781 1020
668 787 1019
676 793 1017
685 799 1015
694 805 1014
704 811 1011
714 817 1008
724 823 1004
733 829 1001
744 835 996
755 841 991
767 847 985
778 853 979
791 859 971
805 864 961
818 870 952
835 875 937
851 880 923
873 883 899
907 874 856
931 858 818
947 844 788
956 832 767
966 820 745
971 809 727
976 798 710
981 787 693
983 777 679
986 767 665
988 757 651
990 747 638
990 737 626
991 728 615
992 718 603
992 709 591
992 700 581
991 691 571
990 682 561
990 673 551
989 664 541
987 655 532
986 646 523
984 638 514
982 629 505
981 620 497
979 612 488
976 604 481
974 595 473
972 587 465
969 579 457
967 570 450
964 562 442
962 554 435
959 546 428
956 538 422
953 530 415
950 522 408
947 514 401
944 506 395
940 498 388
937 490 382
934 482 376
930 474 370
927 466 364
924 458 358
920 451 352
916 443 346
913 435 341
909 427 336
905 420 330
901 412 325
898 404 319
894 396 314
890 389 308
886 381 303
882 373 299
878 366 294
874 358 289
870 350 284
866 342 279
861 334 274
857 327 269
853 319 265
849 311 260
844 303 256
840 295 252
836 287 247
831 279 243
827 271 239
823 263 234
818 255 230
814 246 225
809 238 222
805 229 218
800 220 214
796 211 210
791 202 206
786 193 202
782 184 198
777 175 194
772 165 190
768 154 187
763 142 184
759 129 181
755 115 177
750 101 174
745 87 171
740 71 167
735 55 163
729 38 159
723 20 155
717 8 151
710 -2 147
703 -11 143
696 -20 139
690 -29 135
683 -37 132
676 -45 128
669 -53 124
662 -61 120
655 -68 116
649 -75 113
642 -81 109
635 -87 105
628 -93 101
621 -99 98
614 -104 94
607 -109 90
600 -113 86
593 -118 83
587 -122 79
580 -126 75
573 -129 72
566 -132 68
559 -136 64
552 -138 61
545 -141 57
538 -143 53
531 -145 50
523 -147 46
516 -148 42
509 -150 39
502 -151 35
495 -152 32
488 -152 29
481 -153 26
473 -153 23
