267 353 813
270 357 816
272 361 820
275 365 823
278 369 826
281 373 830
284 377 833
286 381 836
289 385 839
292 389 843
295 393 846
298 397 849
301 401 852
303 405 856
306 409 859
309 413 862
312 417 865
315 421 868
318 425 871
321 429 874
324 433 877
327 438 880
330 442 883
333 446 886
336 450 890
339 454 893
342 458 896
345 462 899
348 466 902
351 470 905
355 474 907
358 478 910
361 482 913
364 486 915
368 491 918
371 495 921
374 499 924
377 503 926
381 507 929
384 511 932
387 515 935
391 519 937
394 524 940
397 528 942
401 532 945
405 536 947
408 540 950
412 544 952
415 549 954
419 553 957
422 557 959
426 561 962
429 565 964
433 570 967
437 574 969
441 578 971
444 582 973
448 587 975
452 591 977
456 595 979
460 599 981
464 604 983
468 608 985
472 612 987
476 616 989
480 621 991
484 625 993
488 629 995
492 634 996
497 638 998
501 642 999
505 647 1001
509 651 1003
514 655 1004
518 660 1006
522 664 1008
527 668 1009
531 673 1010
536 677 1011
541 681 1012
545 686 1013
550 690 1014
555 695 1016
559 699 1017
564 703 1018
569 708 1019
574 712 1019
579 717 1020
584 721 1020
590 725 1021
595 730 1021
600 734 1022
605 739 1022
610 743 1023
616 748 1023
622 752 1022
627 756 1022
633 761 1022
639 765 1022
644 770 1021
650 774 1021
656 779 1021
662 783 1020
669 787 1018
675 792 1017
682 796 1016
688 801 1015
694 805 1014
701 810 1012
708 814 1009
715 818 1007
723 823 1004
730 827 1002
737 832 1000
745 836 996
753 840 992
761 844 988
769 849 984
778 853 979
787 857 973
797 861 967
806 865 960
816 869 954
828 873 944
840 876 933
852 880 922
867 882 905
883 885 888
889 883 880
917 869 841
931 859 818
943 848 796
951 839 779
958 830 763
965 821 747
969 813 734
973 806 722
976 798 709
980 790 697
982 782 686
984 775 676
986 768 666
987 760 656
989 753 646
990 746 637
990 739 628
991 732 620
991 725 611
992 718 603
992 712 594
992 705 587
991 698 580
991 692 572
990 685 565
990 679 558
990 672 550
989 666 543
988 659 536
987 653 530
986 647 524
984 641 517
983 635 511
982 628 505
981 622 498
980 616 492
978 610 486
976 604 481
975 598 475
973 592 470
971 586 464
970 580 458
968 574 453
966 568 447
964 562 442
962 556 437
960 550 432
958 544 427
956 538 422
954 533 417
952 527 412
950 521 407
947 515 402
945 509 397
943 504 393
941 498 389
938 492 384
936 487 380
933 481 375
931 475 371
928 470 367
926 464 362
923 458 358
921 452 353
918 447 349
916 441 345
913 436 341
910 430 337
908 425 334
905 419 330
902 413 326
899 408 322
897 402 318
894 397 314
891 391 310
888 385 306
885 380 303
882 374 299
879 369 296
877 363 292
874 358 289
871 352 285
868 346 282
865 341 278
862 335 275
859 329 271
856 324 268
853 318 264
850 312 261
846 307 258
843 301 255
840 295 252
837 289 249
834 284 246
831 278 242
828 272 239
824 266 236
821 260 233
818 254 230
815 248 226
811 242 224
808 236 221
805 230 218
802 223 215
799 217 213
795 210 210
792 204 207
789 197 204
785 191 201
782 184 198
778 177 195
775 171 193
771 164 190
768 156 187
765 147 185
762 138 183
759 128 180
756 119 178
753 109 176
749 98 173
746 88 171
742 77 168
738 66 165
734 54 163
730 41 160
726 28 157
722 16 154
