298 189 120
301 190 121
304 192 122
307 194 124
310 196 125
313 198 126
316 200 127
319 202 129
322 204 130
325 206 131
328 208 132
331 209 133
334 211 135
337 213 136
340 215 137
343 217 138
346 219 139
349 221 141
352 223 142
355 225 143
358 227 144
361 228 145
364 230 147
367 232 148
370 234 149
373 236 150
376 238 152
379 240 153
382 242 154
385 244 155
388 246 156
391 247 158
394 249 159
397 251 160
400 253 161
403 255 162
406 257 164
409 259 165
412 261 166
415 263 167
418 265 168
421 266 170
424 268 171
427 270 172
430 272 173
433 274 175
436 276 176
439 278 177
442 280 178
445 282 179
449 284 181
452 286 182
455 287 183
458 289 184
461 291 186
464 293 187
467 295 188
470 297 189
473 299 190
476 301 192
479 303 193
482 305 194
485 307 195
488 309 197
491 311 198
494 312 199
497 314 200
500 316 201
503 318 203
506 320 204
509 322 205
512 324 206
515 326 208
519 328 209
522 330 210
525 332 211
528 334 213
531 336 214
534 338 215
537 340 216
540 342 218
543 344 219
546 345 220
549 347 221
552 349 222
556 351 224
559 353 225
562 355 226
565 357 227
568 359 229
571 361 230
574 363 231
577 365 233
580 367 234
584 369 235
587 371 236
590 373 238
593 375 239
596 377 240
599 379 241
602 381 243
606 383 244
609 385 245
612 387 246
615 389 248
618 391 249
621 393 250
624 395 251
628 397 253
631 399 254
634 401 255
637 403 257
640 405 258
644 407 259
647 409 260
650 411 262
653 413 263
656 415 264
659 417 266
663 419 267
666 421 268
669 423 269
672 425 271
676 427 272
679 429 273
682 431 275
685 433 276
689 435 277
692 437 279
695 440 280
698 442 281
702 444 283
705 446 284
708 448 285
711 450 286
715 452 288
718 454 289
721 456 290
724 458 292
728 460 293
731 462 294
734 464 296
738 466 297
741 469 298
744 471 300
748 473 301
751 475 302
754 477 304
758 479 305
761 481 306
764 483 308
768 485 309
771 488 310
774 490 312
778 492 313
781 494 315
784 496 316
788 498 317
791 500 319
794 502 320
798 505 321
801 507 323
805 509 324
808 511 325
811 513 327
815 515 328
818 518 330
822 520 331
825 522 332
829 524 334
832 526 335
835 528 336
839 531 338
842 533 339
846 535 341
849 537 342
853 539 343
856 542 345
860 544 346
863 546 348
867 548 349
870 550 350
874 553 352
877 555 353
881 557 355
884 559 356
888 561 358
891 564 359
895 566 360
898 568 362
902 570 363
906 573 365
909 575 366
913 577 368
916 579 369
920 582 370
924 584 372
927 586 373
931 589 375
934 591 376
938 593 378
942 595 379
945 598 381
949 600 382
952 602 384
956 605 385
960 607 387
963 609 388
967 612 389
971 614 391
974 616 392
978 619 394
982 621 395
986 623 397
989 626 398
993 628 400
997 630 401
1000 633 403
1004 635 404
1008 637 406
1012 640 407
1015 642 409
1019 645 410
1022 647 412
1023 652 415
1023 657 418
1023 662 421
1023 666 424
1023 671 428
1023 676 431
1023 681 434
1023 686 437
1023 691 440
1023 695 443
1023 700 446
1023 705 449
1023 710 452
1023 715 455
1023 719 458
1023 724 461
1023 729 464
1023 734 467
1023 738 470
1023 743 473
1023 748 476
1023 752 479
1023 757 482
1023 762 485
1023 766 488
1023 771 491
1023 776 494
1023 781 497
1023 785 500
1023 790 503
1023 795 506
1023 799 509
