88 242 312
88 246 313
87 250 313
87 253 314
86 257 314
86 260 315
86 264 315
85 268 315
85 271 315
85 275 315
85 278 315
84 282 315
84 285 314
84 289 314
84 292 314
84 296 313
84 299 313
84 303 312
84 306 312
85 310 311
85 313 310
85 317 309
85 320 308
86 324 307
86 327 306
87 331 305
87 334 304
88 338 303
89 341 302
90 345 300
90 348 299
91 352 297
92 355 296
93 359 294
95 362 292
96 365 291
97 369 289
99 372 287
100 376 285
102 379 283
104 382 281
106 386 279
108 389 277
110 392 275
112 396 272
115 399 270
117 402 268
120 406 265
123 409 263
126 412 260
129 415 258
133 418 255
136 422 252
140 425 250
144 428 247
148 431 244
153 434 241
157 437 238
162 440 236
167 443 233
172 446 230
178 449 227
184 452 224
190 454 221
196 457 218
203 460 215
210 462 213
217 465 210
225 467 207
233 469 205
241 472 202
250 474 200
258 476 198
268 478 196
277 479 194
287 481 193
297 483 191
307 484 190
318 485 189
328 486 188
339 487 188
350 488 188
361 489 188
372 490 188
384 490 189
395 491 190
407 491 191
418 491 193
429 492 195
440 492 197
452 492 200
463 492 203
474 492 206
485 491 209
496 491 213
506 491 216
517 491 220
527 490 225
537 490 229
548 490 234
558 489 239
567 489 244
577 488 249
587 488 255
596 488 261
605 487 266
614 487 273
623 487 279
632 486 285
640 486 292
649 486 299
657 485 306
665 485 313
673 485 320
681 485 327
689 485 335
696 485 343
704 485 351
711 485 359
718 485 367
725 485 375
732 485 384
739 485 393
745 485 402
752 486 411
758 486 420
764 487 429
770 487 439
775 488 448
781 489 458
786 490 468
791 491 478
796 492 488
801 493 499
806 494 509
810 495 520
815 497 531
819 499 541
822 500 552
826 502 564
829 504 575
833 506 586
836 509 597
838 511 609
841 514 620
843 517 632
845 520 643
847 523 655
848 526 667
850 529 678
851 533 690
852 537 701
852 541 712
852 545 724
853 549 735
852 554 746
852 558 756
851 563 767
851 568 777
850 573 788
849 578 798
847 583 807
846 589 817
844 594 826
842 600 835
841 605 843
839 611 851
837 617 859
834 622 867
832 628 874
830 634 881
828 640 888
825 646 894
823 652 901
820 658 906
818 664 912
816 670 917
813 676 922
811 682 927
809 688 931
806 694 936
804 700 940
802 706 943
800 712 947
798 718 950
796 724 953
794 730 956
792 735 958
790 741 961
788 747 963
787 753 965
785 759 967
784 764 969
783 770 970
781 776 971
780 781 973
779 787 974
778 792 974
777 798 975
777 804 976
776 809 976
776 814 977
776 820 977
776 825 977
776 830 977
776 836 977
776 841 976
776 846 976
777 851 976
778 856 975
779 861 975
780 866 974
781 871 973
783 876 972
784 881 972
786 886 971
788 891 970
791 895 969
793 900 968
796 905 967
799 909 966
802 914 965
805 918 964
808 923 963
812 927 962
816 931 961
820 935 960
825 939 960
829 943 959
834 947 958
840 951 958
845 955 958
851 958 957
856 962 957
862 965 957
869 969 958
875 972 958
882 975 959
889 979 960
896 982 961
903 985 962
911 988 964
918 991 966
926 993 969
934 996 971
942 999 974
950 1001 977
958 1004 981
966 1006 985
975 1009 989
983 1011 994
991 1013 999
999 1016 1005
1007 1018 1010
1015 1021 1017
1023 1023 1023
