0 0 0
0 0 0
1 1 1
3 1 3
5 2 5
8 3 7
11 4 10
15 5 14
19 6 17
23 8 22
27 9 27
32 11 32
37 13 38
42 16 45
47 18 52
52 21 59
57 23 66
62 26 74
66 29 81
71 32 89
75 36 98
79 39 106
83 43 115
86 47 123
89 51 132
92 55 140
95 59 148
97 63 157
99 68 165
101 72 173
102 77 180
103 81 188
104 86 195
105 91 202
106 96 209
106 101 215
107 105 222
107 110 228
107 115 234
107 120 239
106 125 245
106 130 250
105 135 255
105 140 260
104 145 264
104 150 268
103 155 272
102 160 276
101 165 280
101 170 283
100 175 286
99 180 289
98 185 292
97 190 295
96 195 297
95 200 299
94 205 301
94 210 303
93 215 305
92 219 307
91 224 308
90 229 310
90 234 311
89 239 312
88 244 313
87 248 313
87 253 314
86 258 314
86 263 315
85 268 315
85 272 315
85 277 315
84 282 315
84 286 314
84 291 314
84 296 313
84 301 313
84 305 312
85 310 311
85 315 310
85 319 309
86 324 307
86 329 306
87 333 304
88 338 303
89 342 301
90 347 299
91 352 297
93 356 295
94 361 293
96 365 291
98 370 288
100 374 286
102 379 283
105 383 280
107 388 278
110 392 275
113 397 272
117 401 268
120 406 265
124 410 262
128 414 258
133 418 255
138 423 251
143 427 248
148 431 244
154 435 240
160 439 236
167 443 233
174 447 229
182 451 225
190 454 221
198 458 217
208 461 214
217 465 210
228 468 207
238 471 203
250 474 200
261 476 197
274 479 195
287 481 193
300 483 191
314 485 189
328 486 188
343 488 188
358 489 188
372 490 188
388 491 189
403 491 191
418 491 193
433 492 196
448 492 199
463 492 203
477 492 207
492 491 211
506 491 216
520 491 222
534 490 228
548 490 234
561 489 241
574 489 247
587 488 255
599 488 262
611 487 270
623 487 279
635 486 287
646 486 296
657 485 306
668 485 315
679 485 325
689 485 335
699 485 345
709 485 356
718 485 367
727 485 378
736 485 390
745 485 402
754 486 414
762 487 426
770 487 439
777 488 452
784 489 465
791 491 478
798 492 492
804 494 506
810 495 520
816 497 534
821 500 549
826 502 564
831 505 578
835 508 594
838 511 609
842 515 624
845 519 640
847 523 655
849 527 670
850 532 686
852 537 701
852 542 716
853 548 731
852 554 746
852 560 760
851 566 774
850 573 788
848 580 801
846 587 814
844 594 826
842 601 837
839 609 849
837 617 859
834 624 869
831 632 879
828 640 888
824 648 897
821 656 904
818 664 912
815 672 919
812 680 925
809 688 931
806 696 937
803 704 942
800 712 947
797 720 951
794 728 955
792 735 958
790 743 962
787 751 964
785 759 967
783 766 969
782 774 971
780 781 973
779 789 974
778 796 975
777 804 976
776 811 976
776 818 977
776 825 977
776 832 977
776 839 976
776 846 976
777 853 975
779 860 975
780 866 974
782 873 973
784 880 972
786 886 971
789 892 969
792 899 968
796 905 967
800 911 966
804 917 964
808 923 963
814 928 962
819 934 961
825 939 960
831 945 959
838 950 958
845 955 958
852 960 957
860 964 957
869 969 958
877 973 958
887 978 960
896 982 961
906 986 963
916 990 966
926 993 969
937 997 972
947 1000 976
958 1004 981
969 1007 986
980 1010 992
991 1013 999
1002 1017 1006
1013 1020 1014
1023 1023 1023
