0 0 0 255
0 0 0 255
1 0 0 255
2 0 0 255
3 0 0 255
4 0 0 255
6 0 0 255
8 0 0 255
10 0 0 255
12 0 0 255
14 0 0 255
17 0 0 255
19 0 0 255
21 0 0 255
23 0 0 255
25 0 0 255
27 0 0 255
29 0 0 255
31 0 0 255
32 0 0 255
34 0 0 255
36 0 0 255
38 0 0 255
40 0 0 255
42 0 0 255
43 0 0 255
45 0 0 255
47 0 0 255
49 0 0 255
51 0 0 255
52 0 0 255
54 0 0 255
56 0 0 255
57 0 0 255
59 0 0 255
61 0 0 255
63 0 0 255
64 0 0 255
66 0 0 255
68 0 0 255
69 0 0 255
71 0 0 255
73 0 0 255
74 0 0 255
76 0 0 255
78 0 0 255
79 0 0 255
81 0 0 255
82 0 0 255
84 0 0 255
86 0 0 255
87 0 0 255
89 0 0 255
91 0 0 255
92 0 0 255
94 0 0 255
95 0 0 255
97 0 0 255
99 0 0 255
100 0 0 255
102 0 0 255
103 0 0 255
105 0 0 255
107 0 0 255
108 0 0 255
110 0 0 255
111 0 0 255
113 0 0 255
115 0 0 255
116 0 0 255
118 0 0 255
119 0 0 255
121 0 0 255
123 0 0 255
124 0 0 255
126 0 0 255
127 0 0 255
129 1 0 255
130 3 0 255
131 4 0 255
133 5 0 255
134 7 0 255
135 8 0 255
137 9 0 255
138 10 0 255
139 12 0 255
141 13 0 255
142 14 0 255
143 16 0 255
145 17 0 255
146 18 0 255
147 20 0 255
148 21 0 255
150 22 0 255
151 23 0 255
152 25 0 255
153 26 0 255
155 27 0 255
156 28 0 255
157 30 0 255
158 31 0 255
159 32 0 255
161 33 0 255
162 34 0 255
163 36 0 255
164 37 0 255
165 38 0 255
167 39 0 255
168 40 0 255
169 42 0 255
170 43 0 255
171 44 0 255
172 45 0 255
174 46 0 255
175 47 0 255
176 48 0 255
177 50 0 255
178 51 0 255
179 52 0 255
181 53 0 255
182 54 0 255
183 55 0 255
184 56 0 255
185 58 0 255
186 59 0 255
187 60 0 255
189 61 0 255
190 62 0 255
191 63 0 255
192 64 0 255
193 66 0 255
194 67 0 255
195 68 0 255
197 69 0 255
198 70 0 255
199 71 0 255
200 72 0 255
201 74 0 255
202 75 0 255
203 76 0 255
204 77 0 255
205 78 0 255
207 79 0 255
208 80 0 255
209 81 0 255
210 83 0 255
211 84 0 255
212 85 0 255
213 86 0 255
215 87 0 255
216 88 0 255
217 89 0 255
218 90 0 255
219 92 0 255
220 93 0 255
221 94 0 255
223 95 0 255
224 96 0 255
225 97 0 255
226 98 0 255
227 100 0 255
228 101 0 255
229 102 0 255
231 103 0 255
232 104 0 255
233 105 0 255
234 107 0 255
235 108 0 255
236 109 0 255
238 110 0 255
239 111 0 255
240 112 0 255
241 113 0 255
242 115 0 255
243 116 0 255
244 117 0 255
246 118 0 255
247 119 0 255
248 120 0 255
249 122 0 255
250 123 0 255
251 124 0 255
253 125 0 255
254 126 0 255
255 128 1 255
255 130 2 255
255 132 5 255
255 134 7 255
255 137 9 255
255 139 11 255
255 141 13 255
255 143 15 255
255 145 17 255
255 147 20 255
255 149 22 255
255 151 24 255
255 153 26 255
255 155 28 255
255 157 30 255
255 159 32 255
255 161 34 255
255 163 36 255
255 165 38 255
255 167 40 255
255 169 42 255
255 171 44 255
255 173 46 255
255 175 48 255
255 177 49 255
255 179 51 255
255 181 53 255
255 183 55 255
255 184 57 255
255 186 59 255
255 188 61 255
255 190 63 255
255 192 65 255
255 194 66 255
255 196 68 255
255 198 70 255
255 200 72 255
255 201 74 255
255 203 76 255
255 205 78 255
255 207 79 255
255 209 81 255
255 211 83 255
255 212 85 255
255 214 87 255
255 216 89 255
255 218 90 255
255 220 92 255
255 222 94 255
255 223 96 255
255 225 98 255
255 227 100 255
255 229 101 255
255 231 103 255
255 233 105 255
255 235 107 255
255 236 109 255
255 238 111 255
255 240 113 255
255 242 114 255
255 244 116 255
255 246 118 255
255 247 120 255
255 249 122 255
255 251 124 255
255 253 125 255
255 255 128 255
255 255 159 255
255 255 187 255
255 255 212 255
255 255 235 255
255 255 255 255
