103 0 31 255
105 1 31 255
107 1 32 255
109 2 32 255
112 3 32 255
114 3 33 255
116 4 33 255
118 5 33 255
120 6 34 255
123 6 34 255
125 7 34 255
127 8 35 255
129 8 35 255
132 9 36 255
134 10 36 255
136 11 36 255
138 11 37 255
141 12 37 255
143 13 37 255
145 13 38 255
147 14 38 255
149 15 38 255
152 16 39 255
154 16 39 255
156 17 39 255
158 18 40 255
161 18 40 255
163 19 41 255
165 20 41 255
167 21 41 255
169 21 42 255
172 22 42 255
174 23 42 255
176 24 43 255
178 25 44 255
180 28 45 255
181 31 46 255
183 34 48 255
184 36 49 255
186 39 50 255
187 42 52 255
188 45 53 255
190 47 54 255
191 50 55 255
192 52 56 255
193 55 58 255
195 57 59 255
196 60 60 255
197 62 61 255
198 65 62 255
199 67 63 255
201 69 64 255
202 71 65 255
203 74 66 255
204 76 68 255
205 78 69 255
206 81 70 255
207 83 71 255
208 85 72 255
210 87 73 255
211 89 74 255
212 92 75 255
213 94 76 255
214 96 77 255
215 98 79 255
216 101 80 255
217 103 82 255
218 105 84 255
219 107 85 255
220 109 87 255
221 112 89 255
222 114 91 255
223 116 92 255
224 118 94 255
225 120 96 255
226 122 97 255
226 124 99 255
227 126 100 255
228 129 102 255
229 131 104 255
230 133 106 255
231 135 107 255
232 137 109 255
233 139 110 255
234 142 112 255
235 144 114 255
236 146 115 255
237 148 117 255
238 150 119 255
239 153 120 255
239 155 122 255
240 157 124 255
241 159 125 255
242 161 127 255
243 163 129 255
244 166 131 255
244 168 134 255
245 170 137 255
245 173 140 255
246 175 143 255
246 177 146 255
246 180 149 255
247 182 152 255
247 185 155 255
248 187 158 255
248 189 161 255
248 192 164 255
249 194 167 255
249 197 171 255
250 199 174 255
250 201 176 255
250 204 179 255
251 206 183 255
251 209 186 255
252 211 189 255
252 213 192 255
252 216 195 255
253 218 198 255
253 221 202 255
252 224 207 255
251 226 212 255
251 229 216 255
250 232 221 255
250 234 225 255
249 237 230 255
249 240 235 255
248 242 239 255
247 245 244 255
245 246 247 255
241 244 246 255
238 243 245 255
235 241 245 255
232 240 244 255
228 238 244 255
225 237 243 255
222 235 242 255
219 234 242 255
215 232 241 255
212 231 241 255
209 229 240 255
206 228 239 255
203 226 238 255
200 224 237 255
197 223 237 255
194 221 236 255
191 220 235 255
188 218 234 255
185 217 233 255
182 215 232 255
179 214 232 255
177 213 231 255
173 211 230 255
171 209 229 255
168 208 228 255
165 207 227 255
162 205 227 255
159 204 226 255
156 202 225 255
153 201 224 255
150 199 223 255
148 198 223 255
145 196 222 255
142 195 221 255
140 193 220 255
138 192 219 255
135 190 218 255
133 189 218 255
130 187 217 255
128 186 216 255
126 184 215 255
123 183 214 255
121 181 213 255
118 179 213 255
116 178 212 255
113 176 211 255
111 175 210 255
109 174 209 255
106 172 208 255
104 170 208 255
102 169 207 255
100 168 206 255
97 166 205 255
95 164 204 255
92 163 204 255
90 162 203 255
88 160 202 255
86 159 201 255
83 157 200 255
81 156 200 255
78 154 199 255
76 153 198 255
74 151 197 255
71 150 197 255
69 148 196 255
67 147 195 255
66 145 194 255
64 143 193 255
63 142 192 255
62 140 191 255
61 138 191 255
59 137 190 255
58 135 189 255
57 134 188 255
56 132 187 255
54 130 187 255
53 129 186 255
52 127 185 255
51 125 184 255
50 124 183 255
48 122 182 255
47 121 182 255
46 119 181 255
45 117 180 255
44 116 179 255
42 114 178 255
41 113 177 255
40 111 177 255
39 110 176 255
38 108 175 255
36 106 174 255
35 105 173 255
34 103 173 255
33 102 171 255
32 100 170 255
31 99 167 255
31 97 165 255
30 96 163 255
29 95 162 255
28 93 160 255
28 92 158 255
27 90 156 255
26 89 154 255
25 87 152 255
25 86 150 255
24 85 148 255
23 83 146 255
22 82 144 255
22 80 142 255
21 79 140 255
20 78 138 255
20 76 136 255
19 75 134 255
18 73 132 255
17 72 130 255
17 70 128 255
16 69 126 255
15 68 124 255
15 66 122 255
14 65 120 255
13 63 118 255
12 62 116 255
12 61 115 255
11 59 113 255
10 58 111 255
9 56 109 255
9 55 107 255
