433 0 0
438 0 0
443 0 0
447 0 0
452 0 0
457 0 0
462 0 0
467 0 0
471 0 0
476 0 0
481 0 0
486 0 0
491 0 0
495 0 0
500 0 0
505 0 0
510 0 0
515 0 0
519 0 0
524 0 0
529 0 0
534 0 0
539 0 0
543 0 0
548 0 0
553 0 0
558 0 0
563 0 0
567 0 0
572 0 0
577 0 0
582 0 0
587 0 0
591 0 0
596 0 0
601 0 0
606 0 0
611 0 0
615 0 0
620 0 0
625 0 0
630 0 0
635 0 0
640 0 0
644 0 0
649 0 0
654 0 0
659 0 0
664 0 0
669 0 0
674 0 0
678 0 0
683 0 0
688 0 0
693 0 0
698 0 0
703 0 0
708 0 0
713 0 0
717 0 0
722 0 0
727 0 0
732 0 0
737 0 0
742 0 0
747 0 0
752 0 0
757 0 0
762 0 0
766 1 0
771 5 0
775 11 0
779 16 0
784 22 0
788 27 0
792 33 0
796 39 0
801 45 0
805 50 0
809 56 0
813 61 0
817 67 0
821 72 0
826 78 0
830 83 0
834 89 0
838 94 0
842 99 0
845 104 0
849 109 0
853 115 0
857 120 0
861 125 0
865 130 0
868 135 0
872 140 0
876 145 0
880 150 0
883 155 0
887 160 0
891 165 0
894 170 0
898 174 0
902 179 0
905 184 0
909 189 0
912 194 0
916 198 0
919 203 0
923 208 0
927 212 0
930 217 0
934 222 0
937 226 0
940 231 0
944 236 0
947 240 0
951 245 0
954 249 0
958 254 0
961 258 0
964 263 0
968 267 0
971 272 0
975 277 0
978 281 0
981 286 0
985 290 0
988 294 0
991 299 0
995 303 0
998 308 0
1001 312 0
1005 317 0
1008 321 0
1011 326 0
1015 330 0
1018 334 0
1021 339 0
1023 346 0
1023 355 0
1023 364 0
1023 373 0
1023 381 0
1023 390 0
1023 398 0
1023 406 0
1023 414 0
1023 422 0
1023 430 0
1023 438 0
1023 445 0
1023 453 0
1023 460 0
1023 467 0
1023 475 0
1023 482 0
1023 489 0
1023 496 0
1023 503 0
1023 510 1
1023 517 11
1023 523 24
1023 530 37
1023 536 50
1023 543 63
1023 549 76
1023 556 88
1023 562 101
1023 568 113
1023 574 126
1023 580 138
1023 586 150
1023 593 162
1023 598 174
1023 604 186
1023 610 198
1023 616 209
1023 622 221
1023 628 232
1023 633 244
1023 639 255
1023 645 267
1023 650 278
1023 656 289
1023 662 300
1023 667 311
1023 673 322
1023 678 333
1023 684 344
1023 689 355
1023 694 366
1023 700 377
1023 705 388
1023 711 398
1023 716 409
1023 721 420
1023 727 430
1023 732 441
1023 737 451
1023 743 462
1023 748 473
1023 753 483
1023 758 494
1023 763 504
1023 769 514
1023 774 525
1023 779 535
1023 784 545
1023 789 556
1023 795 566
1023 800 576
1023 805 587
1023 810 597
1023 815 607
1023 820 617
1023 825 628
1023 830 638
1023 836 648
1023 841 658
1023 846 668
1023 851 679
1023 856 689
1023 861 699
1023 866 709
1023 871 719
1023 876 729
1023 881 740
1023 886 750
1023 891 760
1023 896 770
1023 901 780
1023 907 790
1023 912 800
1023 917 810
1023 922 820
1023 927 831
1023 932 841
1023 937 851
1023 942 861
1023 947 871
1023 952 881
1023 957 891
1023 962 901
1023 967 911
1023 972 922
1023 977 932
1023 982 942
1023 987 952
1023 993 962
1023 998 972
1023 1003 982
1023 1008 993
1023 1013 1003
1023 1018 1013
1023 1023 1023
