0 0 0
1 0 0
3 0 0
7 0 0
11 0 0
17 0 0
24 0 0
31 0 0
40 0 0
49 0 0
58 0 0
66 0 0
75 0 0
83 0 0
91 0 0
99 0 0
107 0 0
115 0 0
123 0 0
130 0 0
138 0 0
145 0 0
153 0 0
160 0 0
167 0 0
174 0 0
182 0 0
189 0 0
196 0 0
203 0 0
210 0 0
217 0 0
224 0 0
231 0 0
237 0 0
244 0 0
251 0 0
258 0 0
265 0 0
271 0 0
278 0 0
285 0 0
291 0 0
298 0 0
305 0 0
311 0 0
318 0 0
324 0 0
331 0 0
338 0 0
344 0 0
351 0 0
357 0 0
364 0 0
370 0 0
377 0 0
383 0 0
390 0 0
396 0 0
402 0 0
409 0 0
415 0 0
422 0 0
428 0 0
435 0 0
441 0 0
447 0 0
454 0 0
460 0 0
467 0 0
473 0 0
479 0 0
486 0 0
492 0 0
499 0 0
505 0 0
511 0 0
518 0 0
524 0 0
531 0 0
537 0 0
543 0 0
550 0 0
556 0 0
563 0 0
569 0 0
575 0 0
582 0 0
588 0 0
595 0 0
601 0 0
607 0 0
614 0 0
620 0 0
627 0 0
633 0 0
640 0 0
646 0 0
653 0 0
659 0 0
665 0 0
672 0 0
678 0 0
685 0 0
691 0 0
698 0 0
704 0 0
711 0 0
717 0 0
724 0 0
731 0 0
737 0 0
744 0 0
750 0 0
757 0 0
763 0 0
769 3 0
775 11 0
781 18 0
786 26 0
792 33 0
798 41 0
803 48 0
809 56 0
815 63 0
820 71 0
826 78 0
831 85 0
836 92 0
842 99 0
847 106 0
852 113 0
857 120 0
862 127 0
867 133 0
872 140 0
877 147 0
882 153 0
887 160 0
892 166 0
897 173 0
902 179 0
906 186 0
911 192 0
916 198 0
921 205 0
925 211 0
930 217 0
935 223 0
939 229 0
944 236 0
949 242 0
953 248 0
958 254 0
962 260 0
967 266 0
971 272 0
976 278 0
980 284 0
985 290 0
989 296 0
994 302 0
998 308 0
1003 314 0
1007 320 0
1011 326 0
1016 331 0
1020 337 0
1023 346 0
1023 358 0
1023 370 0
1023 381 0
1023 392 0
1023 403 0
1023 414 0
1023 425 0
1023 435 0
1023 445 0
1023 455 0
1023 465 0
1023 475 0
1023 484 0
1023 494 0
1023 503 0
1023 512 4
1023 521 19
1023 530 37
1023 539 55
1023 547 72
1023 556 88
1023 564 105
1023 572 122
1023 580 138
1023 589 154
1023 596 170
1023 604 186
1023 612 201
1023 620 217
1023 628 232
1023 635 248
1023 643 263
1023 650 278
1023 658 293
1023 665 308
1023 673 322
1023 680 337
1023 687 351
1023 694 366
1023 702 380
1023 709 395
1023 716 409
1023 723 423
1023 730 437
1023 737 451
1023 744 466
1023 751 480
1023 758 494
1023 765 507
1023 772 521
1023 779 535
1023 786 549
1023 793 563
1023 800 576
1023 807 590
1023 813 604
1023 820 617
1023 827 631
1023 834 645
1023 841 658
1023 847 672
1023 854 685
1023 861 699
1023 868 713
1023 875 726
1023 881 740
1023 888 753
1023 895 767
1023 901 780
1023 908 793
1023 915 807
1023 922 820
1023 928 834
1023 935 847
1023 942 861
1023 949 874
1023 955 888
1023 962 901
1023 969 915
1023 976 928
1023 982 942
1023 989 955
1023 996 969
1023 1003 982
1023 1010 996
1023 1016 1009
1023 1023 1023
