991 1011 963
986 1009 959
982 1007 955
977 1006 951
973 1004 946
969 1002 942
964 1000 938
960 999 934
955 997 930
951 995 926
946 993 922
942 992 918
937 990 914
933 988 910
928 987 906
924 985 902
920 983 898
915 981 894
911 980 890
906 978 886
902 976 882
898 974 877
893 973 873
889 971 868
885 969 863
881 968 859
876 966 854
872 964 849
868 963 845
864 961 840
859 959 835
855 957 831
851 956 826
847 954 821
842 952 817
838 951 812
834 949 808
830 947 803
826 946 798
821 944 794
817 942 790
813 940 788
808 939 786
803 937 784
799 935 782
794 933 780
790 932 778
785 930 776
781 928 774
776 926 771
772 925 769
767 923 767
762 921 765
758 919 763
753 917 761
749 916 759
744 914 757
740 912 755
735 910 753
731 909 751
726 907 749
722 905 747
717 903 745
713 902 743
708 900 741
704 898 739
699 896 737
695 895 735
690 893 733
686 891 731
681 889 729
676 888 727
672 886 727
667 884 729
662 882 730
657 880 732
652 878 734
646 876 735
641 874 737
636 872 739
631 870 740
626 869 742
621 867 744
616 865 745
611 863 747
606 861 749
601 859 751
596 857 752
590 855 754
585 853 756
580 851 757
575 849 759
570 847 761
565 845 763
560 843 764
554 841 766
549 839 768
544 838 769
539 836 771
534 834 773
529 832 775
523 830 776
518 828 778
513 826 780
508 824 782
502 822 783
497 820 785
492 818 787
488 816 788
484 813 789
480 811 791
476 809 792
472 807 793
468 804 795
464 802 796
460 800 797
456 798 799
452 796 800
448 793 801
444 791 803
440 789 804
436 787 805
432 784 807
428 782 808
424 780 809
420 778 811
416 776 812
412 773 813
408 771 815
404 769 816
400 767 817
396 764 819
392 762 820
388 760 821
384 758 823
380 755 824
376 753 825
372 751 827
368 749 828
364 746 830
360 744 831
356 742 832
352 740 834
347 737 835
343 735 836
339 733 838
335 730 839
331 728 840
327 726 842
323 724 843
319 721 845
315 719 846
312 717 845
310 715 845
308 712 843
306 710 842
304 708 841
302 705 840
300 703 838
298 701 837
296 699 836
293 696 835
291 694 834
289 692 832
287 690 831
285 687 830
283 685 829
281 683 828
279 681 826
277 678 825
275 676 824
273 674 823
271 672 822
269 670 820
267 667 819
265 665 818
263 663 817
261 661 816
259 658 814
257 656 813
255 654 812
253 652 811
251 650 810
249 647 808
247 645 807
245 643 806
244 641 805
242 639 804
240 636 802
238 634 801
236 632 800
234 630 799
232 628 798
230 625 797
228 623 795
226 621 794
224 619 793
222 617 792
220 614 791
218 612 789
216 610 788
214 608 787
212 606 786
210 604 785
208 601 784
206 599 782
204 597 781
202 595 780
200 593 779
198 590 778
196 588 777
194 586 775
193 584 774
191 582 773
189 580 772
187 577 771
185 575 770
183 573 768
181 571 767
179 569 766
177 567 765
175 565 764
173 562 763
171 560 762
169 558 760
167 556 759
165 554 758
163 552 757
161 549 756
159 547 755
156 545 754
154 543 753
152 541 752
150 539 751
148 537 750
146 534 749
144 532 748
142 530 746
140 528 745
138 526 744
136 524 743
134 522 742
131 519 741
129 517 740
127 515 739
125 513 738
123 511 737
121 509 736
119 507 735
117 504 734
115 502 733
113 500 731
111 498 730
109 496 729
106 494 728
104 492 727
