0 0 837
0 0 846
0 0 855
0 0 864
0 0 873
0 0 881
0 0 890
0 0 899
0 0 908
0 0 917
0 0 925
0 0 934
0 0 943
0 0 952
0 0 960
0 0 969
0 0 978
0 0 987
0 0 995
0 0 1004
0 0 1013
3 0 1021
44 0 1023
83 0 1023
111 0 1023
134 0 1023
154 0 1023
172 0 1023
188 0 1023
203 0 1023
217 0 1023
230 0 1023
243 0 1023
255 0 1023
267 0 1023
278 0 1023
289 0 1023
299 0 1023
310 0 1023
320 0 1023
329 0 1023
339 0 1023
348 0 1023
357 0 1023
366 0 1023
375 0 1023
384 0 1023
392 0 1023
401 0 1023
409 0 1023
417 0 1023
425 0 1023
433 0 1023
441 0 1023
449 0 1023
457 0 1023
465 0 1023
472 0 1023
480 0 1023
487 0 1023
495 0 1023
502 0 1023
509 0 1023
517 0 1023
524 0 1023
531 0 1023
538 0 1023
546 2 1021
554 7 1016
563 13 1011
571 18 1005
580 23 1000
588 29 994
596 34 989
604 39 984
612 45 979
620 49 974
628 54 969
635 59 964
643 64 959
650 69 955
657 73 950
664 78 946
671 82 941
678 86 937
685 91 932
692 95 928
698 99 924
705 103 920
711 108 916
718 112 911
724 116 907
730 120 903
737 124 899
743 128 895
749 132 891
755 135 888
761 140 884
767 143 880
773 147 876
779 151 872
785 155 868
791 158 865
797 162 861
802 166 857
808 169 854
814 173 850
820 177 846
825 180 843
831 184 839
836 188 835
842 191 832
848 195 828
853 198 825
859 202 821
864 205 818
870 209 814
875 212 811
880 216 807
886 219 804
891 223 800
897 226 797
902 230 794
907 233 790
913 236 787
918 240 783
923 243 780
929 247 777
934 250 773
939 253 770
944 257 766
950 260 763
955 263 760
960 267 756
965 270 753
971 273 750
976 277 746
981 280 743
986 283 740
991 287 736
997 290 733
1002 293 730
1007 297 726
1012 300 723
1017 303 720
1021 309 714
1023 320 703
1023 335 688
1023 348 675
1023 361 662
1023 373 650
1023 384 639
1023 396 628
1023 406 617
1023 417 606
1023 427 596
1023 436 587
1023 446 577
1023 455 568
1023 464 559
1023 473 550
1023 482 541
1023 490 533
1023 498 525
1023 507 516
1023 515 508
1023 523 500
1023 530 493
1023 538 485
1023 546 477
1023 553 470
1023 561 462
1023 568 455
1023 575 448
1023 583 440
1023 590 433
1023 597 426
1023 604 419
1023 611 412
1023 618 405
1023 625 398
1023 631 392
1023 638 385
1023 645 378
1023 651 372
1023 658 365
1023 664 359
1023 671 352
1023 677 346
1023 684 339
1023 690 333
1023 697 326
1023 703 320
1023 709 314
1023 716 307
1023 722 301
1023 728 295
1023 734 289
1023 740 283
1023 747 277
1023 753 270
1023 759 264
1023 765 258
1023 771 252
1023 777 246
1023 783 240
1023 789 234
1023 795 228
1023 801 222
1023 807 216
1023 813 210
1023 819 204
1023 825 198
1023 831 193
1023 836 187
1023 842 181
1023 848 175
1023 854 169
1023 860 163
1023 866 157
1023 872 151
1023 877 146
1023 883 140
1023 889 134
1023 895 128
1023 901 122
1023 906 117
1023 912 111
1023 918 105
1023 924 99
1023 930 93
1023 935 88
1023 941 82
1023 947 76
1023 953 70
1023 958 65
1023 964 59
1023 970 53
1023 976 47
1023 981 42
1023 987 36
1023 993 30
1023 999 24
1023 1005 19
1023 1010 13
1023 1016 7
1023 1022 16
1023 1023 303
1023 1023 458
1023 1023 573
1023 1023 669
1023 1023 753
1023 1023 828
1023 1023 898
1023 1023 963
1023 1023 1023
