0 0 0
0 0 4
0 0 14
0 0 29
0 0 48
0 0 67
0 0 85
0 0 103
0 0 120
0 0 136
0 0 152
0 0 168
0 0 183
0 0 198
0 0 213
0 0 228
0 0 242
0 0 256
0 0 271
0 0 284
0 0 298
0 0 312
0 0 325
0 0 339
0 0 352
0 0 365
0 0 378
0 0 391
0 0 404
0 0 417
0 0 430
0 0 443
0 0 455
0 0 468
0 0 480
0 0 493
0 0 505
0 0 518
0 0 530
0 0 542
0 0 554
0 0 567
0 0 579
0 0 591
0 0 603
0 0 615
0 0 627
0 0 639
0 0 651
0 0 663
0 0 675
0 0 687
0 0 699
0 0 711
0 0 723
0 0 734
0 0 746
0 0 758
0 0 770
0 0 782
0 0 793
0 0 805
0 0 817
0 0 829
0 0 840
0 0 852
0 0 864
0 0 876
0 0 887
0 0 899
0 0 911
0 0 922
0 0 934
0 0 946
0 0 957
0 0 969
0 0 981
0 0 992
0 0 1004
1 0 1016
27 0 1023
83 0 1023
119 0 1023
147 0 1023
172 0 1023
193 0 1023
212 0 1023
230 0 1023
247 0 1023
263 0 1023
278 0 1023
292 0 1023
306 0 1023
320 0 1023
332 0 1023
345 0 1023
357 0 1023
369 0 1023
381 0 1023
392 0 1023
404 0 1023
415 0 1023
425 0 1023
436 0 1023
447 0 1023
457 0 1023
467 0 1023
477 0 1023
487 0 1023
497 0 1023
507 0 1023
517 0 1023
526 0 1023
536 0 1023
546 2 1021
557 9 1014
569 16 1007
580 23 1000
591 30 993
602 37 986
612 44 979
623 51 972
633 57 966
643 64 959
652 70 953
662 76 947
671 82 941
680 88 935
689 93 930
698 99 924
707 105 918
716 110 913
724 116 907
733 121 902
741 126 897
749 132 891
757 137 886
765 142 881
773 147 876
781 152 871
789 157 866
797 162 861
804 167 856
812 172 851
820 177 846
827 182 841
835 186 837
842 191 832
849 196 827
857 201 822
864 205 818
871 210 813
879 215 808
886 219 804
893 224 799
900 228 795
907 233 790
914 237 786
922 242 781
929 246 777
936 251 772
943 255 768
950 260 763
957 264 759
964 269 754
971 273 750
978 278 745
984 282 741
991 287 736
998 291 732
1005 295 728
1012 300 723
1019 304 719
1023 315 708
1023 335 688
1023 352 671
1023 369 654
1023 384 639
1023 399 624
1023 413 610
1023 427 596
1023 439 584
1023 452 571
1023 464 559
1023 476 547
1023 487 536
1023 498 525
1023 509 514
1023 520 503
1023 530 493
1023 541 482
1023 551 472
1023 561 462
1023 571 452
1023 580 443
1023 590 433
1023 599 424
1023 608 415
1023 618 405
1023 627 396
1023 636 387
1023 645 378
1023 654 369
1023 662 361
1023 671 352
1023 680 343
1023 688 335
1023 697 326
1023 705 318
1023 713 310
1023 722 301
1023 730 293
1023 738 285
1023 747 276
1023 755 268
1023 763 260
1023 771 252
1023 779 244
1023 787 236
1023 795 228
1023 803 220
1023 811 212
1023 819 204
1023 827 196
1023 834 189
1023 842 181
1023 850 173
1023 858 165
1023 866 157
1023 874 149
1023 881 142
1023 889 134
1023 897 126
1023 905 118
1023 912 111
1023 920 103
1023 928 95
1023 935 88
1023 943 80
1023 951 72
1023 958 65
1023 966 57
1023 974 49
1023 981 42
1023 989 34
1023 997 26
1023 1005 18
1023 1012 11
1023 1020 10
1023 1023 303
1023 1023 499
1023 1023 638
1023 1023 753
1023 1023 852
1023 1023 941
1023 1023 1023
