219 219 219
222 222 222
225 225 225
228 228 228
230 230 230
233 233 233
236 236 236
238 238 238
241 241 241
244 244 244
247 247 247
249 249 249
252 252 252
255 255 255
257 257 257
260 260 260
263 263 263
265 265 265
268 268 268
271 271 271
274 274 274
276 276 276
279 279 279
282 282 282
284 284 284
287 287 287
290 290 290
292 292 292
295 295 295
298 298 298
301 301 301
303 303 303
306 306 306
309 309 309
311 311 311
314 314 314
317 317 317
320 320 320
322 322 322
325 325 325
328 328 328
330 330 330
333 333 333
336 336 336
339 339 339
341 341 341
344 344 344
347 347 347
350 350 350
352 352 352
355 355 355
358 358 358
361 361 361
363 363 363
366 366 366
369 369 369
371 371 371
374 374 374
377 377 377
380 380 380
383 383 383
385 385 385
388 388 388
391 391 391
394 394 394
396 396 396
399 399 399
402 402 402
405 405 405
407 407 407
410 410 410
413 413 413
416 416 416
419 419 419
421 421 421
424 424 424
427 427 427
430 430 430
433 433 433
436 436 436
438 438 438
441 441 441
444 444 444
447 447 447
450 450 450
452 452 452
455 455 455
458 458 458
461 461 461
464 464 464
467 467 467
470 470 470
472 472 472
475 475 475
478 478 478
481 481 481
484 484 484
487 487 487
490 490 490
493 493 493
496 496 496
498 498 498
501 501 501
504 504 504
507 507 507
510 510 510
513 513 513
516 516 516
519 519 519
522 522 522
525 525 525
528 528 528
531 531 531
534 534 534
537 537 537
539 539 539
542 542 542
545 545 545
548 548 548
551 551 551
554 554 554
557 557 557
560 560 560
563 563 563
566 566 566
569 569 569
572 572 572
575 575 575
578 578 578
582 582 582
585 585 585
588 588 588
591 591 591
594 594 594
597 597 597
600 600 600
603 603 603
606 606 606
609 609 609
612 612 612
615 615 615
618 618 618
622 622 622
625 625 625
628 628 628
631 631 631
634 634 634
637 637 637
640 640 640
643 643 643
647 647 647
650 650 650
653 653 653
656 656 656
659 659 659
662 662 662
666 666 666
669 669 669
672 672 672
675 675 675
679 679 679
682 682 682
685 685 685
688 688 688
692 692 692
695 695 695
698 698 698
701 701 701
705 705 705
708 708 708
711 711 711
714 714 714
718 718 718
721 721 721
724 724 724
728 728 728
731 731 731
734 734 734
738 738 738
741 741 741
745 745 745
748 748 748
751 751 751
755 755 755
758 758 758
761 761 761
765 765 765
768 768 768
772 772 772
775 775 775
779 779 779
782 782 782
786 786 786
789 789 789
793 793 793
796 796 796
799 799 799
803 803 803
807 807 807
810 810 810
814 814 814
817 817 817
821 821 821
824 824 824
828 828 828
831 831 831
835 835 835
839 839 839
842 842 842
846 846 846
849 849 849
853 853 853
857 857 857
860 860 860
864 864 864
868 868 868
871 871 871
875 875 875
879 879 879
882 882 882
886 886 886
890 890 890
894 894 894
897 897 897
901 901 901
905 905 905
909 909 909
912 912 912
916 916 916
920 920 920
924 924 924
928 928 928
932 932 932
935 935 935
939 939 939
943 943 943
947 947 947
951 951 951
955 955 955
959 959 959
963 963 963
967 967 967
971 971 971
975 975 975
979 979 979
982 982 982
986 986 986
990 990 990
995 995 995
999 999 999
1003 1003 1003
1007 1007 1007
1011 1011 1011
1015 1015 1015
1019 1019 1019
1023 1023 1023
