0 0 0
0 0 0
1 1 1
2 2 2
3 3 3
4 4 4
6 6 6
8 8 8
10 10 10
13 13 13
15 15 15
18 18 18
21 21 21
25 25 25
28 28 28
32 32 32
36 36 36
40 40 40
45 45 45
49 49 49
53 53 53
57 57 57
61 61 61
66 66 66
70 70 70
74 74 74
78 78 78
82 82 82
86 86 86
90 90 90
94 94 94
98 98 98
102 102 102
105 105 105
109 109 109
113 113 113
117 117 117
121 121 121
125 125 125
128 128 128
132 132 132
136 136 136
140 140 140
143 143 143
147 147 147
151 151 151
155 155 155
158 158 158
162 162 162
166 166 166
169 169 169
173 173 173
177 177 177
180 180 180
184 184 184
188 188 188
191 191 191
195 195 195
199 199 199
202 202 202
206 206 206
209 209 209
213 213 213
217 217 217
220 220 220
224 224 224
228 228 228
231 231 231
235 235 235
238 238 238
242 242 242
246 246 246
249 249 249
253 253 253
256 256 256
260 260 260
264 264 264
267 267 267
271 271 271
274 274 274
278 278 278
282 282 282
285 285 285
289 289 289
292 292 292
296 296 296
300 300 300
303 303 303
307 307 307
311 311 311
314 314 314
318 318 318
321 321 321
325 325 325
329 329 329
332 332 332
336 336 336
340 340 340
343 343 343
347 347 347
350 350 350
354 354 354
358 358 358
361 361 361
365 365 365
369 369 369
372 372 372
376 376 376
380 380 380
383 383 383
387 387 387
391 391 391
395 395 395
398 398 398
402 402 402
406 406 406
409 409 409
413 413 413
417 417 417
421 421 421
424 424 424
428 428 428
432 432 432
436 436 436
439 439 439
443 443 443
447 447 447
451 451 451
454 454 454
458 458 458
462 462 462
466 466 466
470 470 470
473 473 473
477 477 477
481 481 481
485 485 485
489 489 489
493 493 493
496 496 496
500 500 500
504 504 504
508 508 508
512 512 512
516 516 516
520 520 520
524 524 524
528 528 528
532 532 532
536 536 536
539 539 539
543 543 543
547 547 547
551 551 551
555 555 555
559 559 559
563 563 563
567 567 567
571 571 571
575 575 575
579 579 579
584 584 584
588 588 588
592 592 592
596 596 596
600 600 600
604 604 604
608 608 608
612 612 612
616 616 616
620 620 620
625 625 625
629 629 629
633 633 633
637 637 637
641 641 641
646 646 646
650 650 650
654 654 654
658 658 658
662 662 662
667 667 667
671 671 671
675 675 675
680 680 680
684 684 684
688 688 688
693 693 693
697 697 697
701 701 701
706 706 706
710 710 710
714 714 714
719 719 719
723 723 723
728 728 728
732 732 732
737 737 737
741 741 741
746 746 746
750 750 750
755 755 755
759 759 759
764 764 764
768 768 768
773 773 773
777 777 777
782 782 782
787 787 787
791 791 791
796 796 796
801 801 801
805 805 805
810 810 810
815 815 815
819 819 819
824 824 824
829 829 829
834 834 834
839 839 839
843 843 843
848 848 848
853 853 853
858 858 858
863 863 863
868 868 868
873 873 873
877 877 877
882 882 882
887 887 887
892 892 892
897 897 897
902 902 902
907 907 907
912 912 912
918 918 918
923 923 923
928 928 928
933 933 933
938 938 938
943 943 943
948 948 948
954 954 954
959 959 959
964 964 964
969 969 969
975 975 975
980 980 980
985 985 985
990 990 990
996 996 996
1001 1001 1001
1007 1007 1007
1012 1012 1012
1018 1018 1018
1023 1023 1023
