991 1011 983
984 1008 975
978 1006 968
971 1003 960
965 1001 952
958 998 945
951 996 937
945 993 929
938 991 922
932 988 914
925 985 906
919 983 899
912 980 892
906 978 885
899 975 878
893 973 871
887 970 864
880 967 858
874 965 851
867 962 844
861 960 837
854 957 830
848 955 823
842 952 817
835 950 810
829 947 803
823 944 796
816 942 789
810 939 783
804 937 776
797 934 769
791 932 763
785 929 757
779 926 751
772 924 745
766 921 739
760 919 733
754 916 727
748 913 721
741 911 715
735 908 709
729 906 703
723 903 697
717 900 691
711 898 685
704 895 679
698 893 673
692 890 667
686 887 661
680 885 655
674 882 649
668 880 643
661 877 637
655 875 631
649 872 625
643 869 620
637 867 615
632 864 610
626 861 605
620 858 600
614 856 596
608 853 591
602 850 586
597 848 581
591 845 577
585 842 572
579 839 567
573 837 562
568 834 557
562 831 553
556 829 548
550 826 543
545 823 538
539 821 534
533 818 529
527 815 524
521 812 520
516 810 515
510 807 510
504 804 505
498 802 501
493 799 496
487 796 491
481 794 486
475 791 482
470 788 477
464 786 473
458 783 470
452 780 467
447 777 464
441 774 461
435 772 459
429 769 456
424 766 453
418 763 450
412 760 447
407 757 445
401 755 442
395 752 439
389 749 436
384 746 433
378 743 431
372 741 428
367 738 425
361 735 422
355 732 419
349 729 416
344 727 414
338 724 411
332 721 408
326 718 405
321 715 402
315 712 400
309 710 397
303 707 394
297 704 391
292 701 388
286 698 385
280 696 383
274 693 380
269 690 377
263 687 374
259 684 372
256 681 369
253 677 367
250 674 364
247 671 362
244 668 360
241 665 357
238 662 355
235 658 352
232 655 350
229 652 348
226 649 345
223 646 343
220 643 341
217 639 338
214 636 336
211 633 333
208 630 331
205 627 329
202 624 326
199 621 324
196 617 322
194 614 319
191 611 317
188 608 315
185 605 312
182 602 310
179 599 308
176 596 305
173 593 303
170 589 301
167 586 298
164 583 296
162 580 294
159 577 291
156 574 289
153 571 287
150 568 284
147 565 282
144 562 280
141 559 278
138 556 275
134 553 273
131 550 270
127 547 268
124 544 265
120 541 263
117 538 260
113 535 258
110 532 255
106 529 253
103 525 250
99 522 248
96 519 245
92 516 243
89 513 240
85 510 237
82 507 235
78 504 232
75 501 230
71 498 227
68 495 225
64 492 222
61 489 220
57 486 217
54 483 215
50 480 212
47 477 210
43 474 207
40 471 205
36 468 202
33 465 200
29 462 197
26 459 195
22 456 192
19 453 190
15 450 187
12 447 185
8 444 182
5 441 180
1 438 177
0 435 176
0 432 174
0 429 173
0 426 172
0 423 170
0 419 169
0 416 168
0 413 167
0 410 165
0 407 164
0 404 163
0 401 161
0 397 160
0 394 159
0 391 157
0 388 156
0 385 155
0 382 154
0 379 152
0 376 151
0 372 150
0 369 148
0 366 147
0 363 146
0 360 144
0 357 143
0 354 142
0 351 141
0 348 139
0 344 138
0 341 137
0 338 135
0 335 134
0 332 133
0 329 132
0 326 130
0 323 129
0 320 128
0 316 126
0 313 125
0 310 124
0 307 123
0 304 121
0 301 120
0 298 119
0 295 117
0 292 116
0 288 115
0 285 113
0 282 112
0 279 111
0 276 110
0 273 108
