991 1011 983
984 1008 975
978 1006 967
971 1003 960
964 1001 952
958 998 944
951 996 937
945 993 929
938 990 921
932 988 914
925 985 906
918 983 898
912 980 891
905 978 884
899 975 878
892 972 871
886 970 864
879 967 857
873 965 850
867 962 843
860 959 836
854 957 829
847 954 822
841 952 816
834 949 809
828 947 802
822 944 795
815 941 788
809 939 781
802 936 775
796 934 768
790 931 762
784 928 756
777 926 750
771 923 744
765 921 738
759 918 731
752 915 725
746 913 719
740 910 713
734 908 707
727 905 701
721 902 695
715 900 689
709 897 683
703 894 677
696 892 671
690 889 665
684 887 659
678 884 653
672 881 647
666 879 641
659 876 635
653 874 629
647 871 623
641 868 618
635 866 613
630 863 608
624 860 604
618 857 599
612 855 594
606 852 589
600 849 584
594 847 579
589 844 575
583 841 570
577 838 565
571 836 560
565 833 556
559 830 551
554 827 546
548 825 541
542 822 536
536 819 532
530 817 527
525 814 522
519 811 517
513 809 513
507 806 508
501 803 503
496 800 498
490 798 493
484 795 489
478 792 484
472 790 479
467 787 475
461 784 471
455 781 468
449 778 466
444 776 463
438 773 460
432 770 457
426 767 454
421 764 451
415 761 449
409 759 446
403 756 443
397 753 440
392 750 437
386 747 434
380 745 432
374 742 429
369 739 426
363 736 423
357 733 420
351 730 417
346 728 415
340 725 412
334 722 409
328 719 406
322 716 403
317 713 400
311 711 398
305 708 395
299 705 392
293 702 389
288 699 386
282 696 383
276 693 381
270 691 378
264 688 375
260 685 372
257 682 370
254 678 367
251 675 365
247 672 362
244 669 360
241 665 358
238 662 355
235 659 353
232 656 350
230 653 348
227 649 346
224 646 343
221 643 341
218 640 339
215 637 336
212 634 334
209 630 331
206 627 329
203 624 327
200 621 324
197 618 322
194 615 320
191 612 317
188 608 315
185 605 313
182 602 310
179 599 308
176 596 306
173 593 303
170 590 301
168 587 299
165 583 296
162 580 294
159 577 292
156 574 289
153 571 287
150 568 285
147 565 282
144 562 280
141 559 278
138 556 275
135 553 273
131 550 270
127 547 268
124 543 265
120 540 263
117 537 260
113 534 257
110 531 255
106 528 252
103 525 250
99 522 247
96 519 245
92 516 242
89 513 240
85 510 237
82 507 235
78 504 232
74 501 230
71 498 227
67 495 225
64 492 222
60 489 220
57 486 217
53 483 215
50 480 212
46 477 209
43 474 207
39 471 204
36 468 202
32 465 199
28 462 197
25 459 194
21 456 192
18 453 189
14 450 187
11 447 184
7 444 182
4 441 179
1 438 177
0 434 175
0 431 174
0 428 173
0 425 171
0 422 170
0 419 169
0 415 167
0 412 166
0 409 165
0 406 164
0 403 162
0 400 161
0 396 160
0 393 158
0 390 157
0 387 156
0 384 154
0 381 153
0 378 152
0 374 150
0 371 149
0 368 148
0 365 147
0 362 145
0 359 144
0 356 143
0 353 141
0 349 140
0 346 139
0 343 137
0 340 136
0 337 135
0 334 134
0 331 132
0 327 131
0 324 130
0 321 128
0 318 127
0 315 126
0 312 124
0 309 123
0 306 122
0 302 121
0 299 119
0 296 118
0 293 117
0 290 115
0 287 114
0 284 113
0 280 112
0 277 110
0 274 109
-2 271 107
-5 268 105
