1023 1023 1023
1019 1019 1019
1016 1016 1016
1012 1012 1012
1008 1008 1008
1005 1005 1005
1001 1001 1001
998 998 998
994 994 994
990 990 990
987 987 987
983 983 983
980 980 980
976 976 976
973 973 973
969 969 969
966 966 966
962 962 962
959 959 959
955 955 955
952 952 952
948 948 948
945 945 945
941 941 941
938 938 938
935 935 935
931 931 931
928 928 928
924 924 924
921 921 921
918 918 918
914 914 914
911 911 911
907 907 907
904 904 904
901 901 901
897 897 897
894 894 894
891 891 891
887 887 887
884 884 884
881 881 881
877 877 877
874 874 874
871 871 871
868 868 868
864 864 864
861 861 861
858 858 858
855 855 855
851 851 851
848 848 848
845 845 845
842 842 842
839 839 839
835 835 835
832 832 832
829 829 829
826 826 826
823 823 823
819 819 819
816 816 816
813 813 813
810 810 810
807 807 807
804 804 804
801 801 801
798 798 798
794 794 794
791 791 791
788 788 788
785 785 785
782 782 782
779 779 779
776 776 776
773 773 773
770 770 770
767 767 767
764 764 764
761 761 761
758 758 758
755 755 755
752 752 752
749 749 749
746 746 746
743 743 743
740 740 740
737 737 737
734 734 734
731 731 731
728 728 728
725 725 725
722 722 722
719 719 719
716 716 716
713 713 713
710 710 710
707 707 707
704 704 704
701 701 701
698 698 698
695 695 695
693 693 693
690 690 690
687 687 687
684 684 684
681 681 681
678 678 678
675 675 675
672 672 672
670 670 670
667 667 667
664 664 664
661 661 661
658 658 658
655 655 655
653 653 653
650 650 650
647 647 647
644 644 644
641 641 641
639 639 639
636 636 636
633 633 633
630 630 630
627 627 627
625 625 625
622 622 622
619 619 619
616 616 616
614 614 614
611 611 611
608 608 608
605 605 605
603 603 603
600 600 600
597 597 597
594 594 594
592 592 592
589 589 589
586 586 586
584 584 584
581 581 581
578 578 578
575 575 575
573 573 573
570 570 570
567 567 567
565 565 565
562 562 562
559 559 559
557 557 557
554 554 554
551 551 551
549 549 549
546 546 546
543 543 543
541 541 541
538 538 538
536 536 536
533 533 533
530 530 530
528 528 528
525 525 525
522 522 522
520 520 520
517 517 517
515 515 515
512 512 512
509 509 509
507 507 507
504 504 504
502 502 502
499 499 499
496 496 496
494 494 494
491 491 491
489 489 489
486 486 486
484 484 484
481 481 481
479 479 479
476 476 476
473 473 473
471 471 471
468 468 468
466 466 466
463 463 463
461 461 461
458 458 458
456 456 456
453 453 453
451 451 451
448 448 448
446 446 446
443 443 443
441 441 441
438 438 438
436 436 436
433 433 433
431 431 431
428 428 428
426 426 426
423 423 423
421 421 421
418 418 418
416 416 416
413 413 413
411 411 411
408 408 408
406 406 406
403 403 403
401 401 401
398 398 398
396 396 396
393 393 393
391 391 391
388 388 388
386 386 386
383 383 383
381 381 381
379 379 379
376 376 376
374 374 374
371 371 371
369 369 369
366 366 366
364 364 364
361 361 361
359 359 359
357 357 357
354 354 354
352 352 352
349 349 349
347 347 347
344 344 344
342 342 342
340 340 340
337 337 337
335 335 335
332 332 332
330 330 330
327 327 327
325 325 325
323 323 323
320 320 320
318 318 318
315 315 315
313 313 313
311 311 311
308 308 308
306 306 306
303 303 303
301 301 301
298 298 298
296 296 296
