433 0 0
438 0 0
443 0 0
447 0 0
452 0 0
457 0 0
462 0 0
467 0 0
471 0 0
476 0 0
481 0 0
486 0 0
491 0 0
495 0 0
500 0 0
505 0 0
510 0 0
515 0 0
519 0 0
524 0 0
529 0 0
534 0 0
539 0 0
543 0 0
548 0 0
553 0 0
558 0 0
563 0 0
567 0 0
572 0 0
577 0 0
582 0 0
587 0 0
591 0 0
596 0 0
601 0 0
606 0 0
611 0 0
615 0 0
620 0 0
625 0 0
630 0 0
635 0 0
640 0 0
644 0 0
649 0 0
654 0 0
659 0 0
664 0 0
669 0 0
674 0 0
678 0 0
683 0 0
688 0 0
693 0 0
698 0 0
703 0 0
708 0 0
713 0 0
717 0 0
722 0 0
727 0 0
732 0 0
737 0 0
742 0 0
747 0 0
752 0 0
757 0 0
762 0 0
767 0 0
772 0 0
777 0 0
782 0 0
787 0 0
791 0 0
796 0 0
801 0 0
806 0 0
811 0 0
816 0 0
821 0 0
826 0 0
831 0 0
836 0 0
842 0 0
847 0 0
852 0 0
857 0 0
862 0 0
867 0 0
872 0 0
877 0 0
882 0 0
887 0 0
892 0 0
897 0 0
902 0 0
908 0 0
913 0 0
918 0 0
923 0 0
928 0 0
933 0 0
938 0 0
944 0 0
949 0 0
954 0 0
959 0 0
964 0 0
970 0 0
975 0 0
980 0 0
985 0 0
990 0 0
996 0 0
1001 0 0
1006 0 0
1012 0 0
1017 0 0
1022 1 0
1023 47 0
1023 87 0
1023 116 0
1023 140 0
1023 160 0
1023 178 0
1023 195 0
1023 210 0
1023 224 0
1023 238 0
1023 251 0
1023 263 0
1023 274 0
1023 285 0
1023 296 0
1023 307 0
1023 317 0
1023 327 0
1023 336 0
1023 346 0
1023 355 0
1023 364 0
1023 373 0
1023 381 0
1023 390 0
1023 398 0
1023 406 0
1023 414 0
1023 422 0
1023 430 0
1023 438 0
1023 445 0
1023 453 0
1023 460 0
1023 467 0
1023 475 0
1023 482 0
1023 489 0
1023 496 0
1023 503 0
1023 510 0
1023 517 0
1023 524 0
1023 530 0
1023 537 0
1023 544 0
1023 550 0
1023 557 0
1023 563 0
1023 570 0
1023 576 0
1023 583 0
1023 589 0
1023 596 0
1023 602 0
1023 608 0
1023 614 0
1023 621 0
1023 627 0
1023 633 0
1023 639 0
1023 645 0
1023 651 0
1023 657 0
1023 664 0
1023 670 0
1023 676 0
1023 682 0
1023 688 0
1023 694 0
1023 700 0
1023 705 0
1023 711 0
1023 717 0
1023 723 0
1023 729 0
1023 735 0
1023 741 0
1023 747 0
1023 752 0
1023 758 0
1023 764 0
1023 770 0
1023 776 0
1023 781 0
1023 787 0
1023 793 0
1023 799 0
1023 804 0
1023 810 0
1023 816 0
1023 822 0
1023 827 0
1023 833 0
1023 839 0
1023 845 0
1023 850 0
1023 856 0
1023 862 0
1023 867 0
1023 873 0
1023 879 0
1023 885 0
1023 890 0
1023 896 0
1023 902 0
1023 907 0
1023 913 0
1023 919 0
1023 925 0
1023 930 0
1023 936 0
1023 942 0
1023 947 0
1023 953 0
1023 959 0
1023 965 0
1023 970 0
1023 976 0
1023 982 0
1023 987 0
1023 993 0
1023 999 0
1023 1005 0
1023 1010 0
1023 1016 0
1023 1022 7
1023 1023 303
1023 1023 458
1023 1023 573
1023 1023 669
1023 1023 753
1023 1023 828
1023 1023 898
1023 1023 962
1023 1023 1023
