1023 983 943
1023 978 933
1022 973 924
1022 968 915
1022 964 906
1021 959 896
1021 954 887
1021 949 878
1020 944 868
1020 940 859
1020 935 850
1019 930 841
1019 925 831
1019 920 822
1019 916 812
1018 911 803
1018 906 793
1018 901 784
1018 896 774
1018 892 764
1017 887 755
1017 882 745
1017 877 736
1017 872 726
1016 868 716
1016 863 707
1016 858 697
1016 853 687
1016 848 678
1015 844 668
1015 839 659
1015 834 649
1015 829 641
1015 824 633
1015 819 625
1015 814 616
1015 809 608
1015 804 600
1015 799 592
1015 793 584
1015 788 575
1015 783 567
1015 778 559
1015 773 551
1015 768 542
1015 763 534
1015 758 526
1015 753 517
1015 747 509
1015 742 501
1015 737 492
1015 732 484
1015 727 476
1015 722 467
1015 716 459
1015 711 450
1015 706 442
1015 701 433
1015 695 425
1015 690 418
1015 685 410
1015 679 402
1015 674 395
1015 668 387
1015 663 379
1015 658 372
1015 652 364
1015 647 356
1015 641 348
1015 636 340
1015 630 332
1015 624 324
1015 619 316
1015 613 308
1015 608 300
1015 602 292
1015 596 284
1015 591 276
1015 585 268
1015 579 260
1015 573 251
1015 567 243
1014 562 237
1012 557 231
1011 553 226
1009 548 221
1007 543 215
1006 538 210
1004 534 204
1003 529 199
1001 524 193
999 519 188
998 514 182
996 509 177
995 505 171
993 500 166
991 495 160
990 490 155
988 485 149
986 480 143
985 475 138
983 470 132
982 465 127
980 460 121
978 455 115
977 450 109
975 445 104
973 440 98
972 435 92
970 430 86
968 425 81
966 420 76
963 416 74
960 412 71
958 408 69
955 404 67
952 400 65
949 397 63
946 393 61
943 389 58
940 385 56
937 381 54
934 377 52
932 373 50
929 369 48
926 365 45
923 361 43
920 357 41
917 353 39
914 349 37
911 345 35
908 341 32
905 337 30
903 333 28
900 329 26
897 325 24
894 321 21
891 317 19
888 313 17
885 309 15
882 305 13
879 301 10
876 297 8
873 293 6
870 289 4
865 287 4
861 285 4
856 284 5
852 282 5
847 281 5
842 279 5
838 277 5
833 276 5
829 274 6
824 272 6
819 271 6
815 269 6
810 268 6
806 266 7
801 264 7
797 263 7
792 261 7
788 260 7
783 258 7
779 256 8
774 255 8
770 253 8
765 252 8
761 250 8
756 248 8
752 247 9
747 245 9
743 244 9
738 242 9
734 241 9
729 239 10
725 237 10
720 236 10
716 234 10
712 233 10
707 231 10
703 230 11
698 228 11
694 226 11
689 225 11
685 223 11
681 222 11
676 220 12
672 219 12
667 217 12
663 216 12
659 214 12
654 212 12
650 211 12
646 209 13
642 207 13
637 206 13
633 204 13
629 202 13
624 201 13
620 199 13
616 197 13
612 196 13
607 194 14
603 192 14
599 191 14
595 189 14
590 188 14
586 186 14
582 184 14
578 183 14
573 181 14
569 179 15
565 178 15
561 176 15
556 174 15
552 173 15
548 171 15
544 170 15
539 168 15
535 166 15
531 165 15
527 163 16
523 161 16
518 160 16
514 158 16
510 157 16
506 154 14
503 152 13
499 149 11
496 146 9
492 144 8
489 141 6
485 139 4
482 136 3
478 134 2
475 131 0
471 128 -1
468 126 -2
464 123 -4
461 121 -5
457 118 -6
453 115 -7
450 113 -8
446 110 -9
443 107 -10
439 105 -11
436 102 -11
432 99 -12
428 97 -13
425 94 -14
421 91 -14
418 88 -15
414 86 -15
410 83 -16
407 80 -16
