1023 983 943
1023 979 934
1022 974 926
1022 970 918
1022 966 910
1022 962 901
1021 957 893
1021 953 885
1021 949 877
1020 944 869
1020 940 860
1020 936 852
1020 932 844
1019 927 836
1019 923 827
1019 919 819
1019 915 810
1018 910 802
1018 906 793
1018 902 785
1018 898 776
1018 893 768
1017 889 759
1017 885 751
1017 881 742
1017 876 734
1017 872 725
1016 868 717
1016 864 708
1016 859 700
1016 855 691
1016 851 683
1016 847 674
1015 842 666
1015 838 657
1015 834 649
1015 829 642
1015 825 634
1015 820 627
1015 816 620
1015 811 613
1015 807 605
1015 802 598
1015 798 591
1015 793 583
1015 789 576
1015 784 569
1015 780 562
1015 775 554
1015 771 547
1015 766 540
1015 762 532
1015 757 525
1015 753 517
1015 748 510
1015 743 503
1015 739 495
1015 734 488
1015 730 480
1015 725 473
1015 720 466
1015 716 458
1015 711 451
1015 707 443
1015 702 435
1015 697 428
1015 692 421
1015 688 415
1015 683 408
1015 678 401
1015 673 394
1015 669 387
1015 664 381
1015 659 374
1015 654 367
1015 649 360
1015 644 353
1015 640 346
1015 635 339
1015 630 332
1015 625 325
1015 620 318
1015 615 311
1015 610 304
1015 605 297
1015 600 289
1015 595 282
1015 590 275
1015 585 268
1015 579 260
1015 574 253
1015 569 246
1014 564 239
1013 560 234
1012 556 229
1010 552 225
1009 547 220
1007 543 215
1006 539 210
1005 535 205
1003 530 201
1002 526 196
1000 522 191
999 518 186
998 513 181
996 509 176
995 505 171
993 500 166
992 496 161
990 492 157
989 487 152
987 483 147
986 479 142
985 474 137
983 470 132
982 466 127
980 461 122
979 457 117
977 452 112
976 448 106
974 443 101
973 439 96
971 434 91
970 430 86
968 425 81
966 421 77
964 417 74
962 414 72
959 410 70
956 407 68
954 403 66
951 400 65
949 396 63
946 393 61
944 389 59
941 386 57
939 382 55
936 379 53
933 375 51
931 372 49
928 368 47
926 365 45
923 361 43
921 358 42
918 354 40
915 351 38
913 347 36
910 343 34
908 340 32
905 336 30
903 333 28
900 329 26
897 326 24
895 322 22
892 319 20
890 315 18
887 311 16
884 308 14
882 304 12
879 301 10
877 297 9
874 294 7
871 290 5
868 288 4
864 286 4
859 285 4
855 283 5
851 282 5
847 281 5
843 279 5
839 278 5
835 276 5
831 275 6
827 273 6
823 272 6
819 271 6
815 269 6
811 268 6
807 266 7
803 265 7
799 263 7
795 262 7
790 261 7
786 259 7
782 258 7
778 256 8
774 255 8
770 254 8
766 252 8
762 251 8
759 249 8
755 248 9
751 246 9
747 245 9
743 244 9
739 242 9
735 241 9
731 240 9
727 238 10
723 237 10
719 235 10
715 234 10
711 233 10
707 231 10
703 230 11
699 228 11
695 227 11
691 226 11
688 224 11
684 223 11
680 221 11
676 220 12
672 219 12
668 217 12
664 216 12
660 214 12
657 213 12
653 212 12
649 210 12
645 209 13
641 207 13
637 206 13
634 204 13
630 203 13
626 201 13
622 200 13
618 198 13
615 197 13
611 195 13
607 194 14
603 193 14
600 191 14
596 190 14
592 188 14
588 187 14
584 185 14
581 184 14
577 182 14
573 181 14
569 180 15
566 178 15
562 177 15
558 175 15
554 174 15
551 172 15
547 171 15
543 169 15
539 168 15
536 167 15
532 165 15
528 164 16
524 162 16
521 161 16
517 159 16
513 158 16
509 156 16
