1023 991 947
1023 986 936
1022 982 924
1022 977 913
1022 972 902
1021 968 891
1021 963 879
1021 958 868
1021 954 857
1020 949 846
1020 944 835
1020 940 823
1019 935 812
1019 930 801
1019 925 791
1018 921 781
1018 916 771
1018 911 761
1018 906 751
1018 901 741
1017 897 731
1017 892 721
1017 887 710
1017 882 700
1016 877 690
1016 873 680
1016 868 670
1016 863 660
1015 858 650
1015 853 640
1015 848 632
1015 843 626
1015 838 621
1015 832 615
1015 827 610
1015 822 604
1015 816 598
1015 811 593
1015 806 587
1015 801 582
1015 795 576
1015 790 571
1015 785 565
1015 779 560
1015 774 554
1015 768 549
1015 763 543
1015 758 537
1015 752 532
1015 747 527
1015 742 522
1015 736 517
1015 731 512
1014 726 507
1014 720 501
1014 715 496
1014 709 491
1014 704 486
1014 698 481
1014 693 476
1014 688 471
1013 682 466
1013 677 461
1013 671 456
1013 666 451
1013 660 445
1013 655 440
1013 649 435
1013 644 430
1013 638 425
1012 632 419
1012 627 414
1012 621 409
1012 615 404
1012 610 398
1012 604 393
1012 598 388
1012 593 382
1011 587 377
1011 581 371
1011 575 366
1011 569 361
1010 564 357
1009 559 354
1007 554 352
1006 549 350
1004 544 348
1002 539 346
1001 534 344
999 529 342
998 524 339
996 519 337
994 514 335
993 509 333
991 504 331
989 499 329
988 494 327
986 489 325
985 484 322
983 479 320
981 474 318
980 469 316
978 464 314
976 459 312
975 454 309
973 449 307
971 443 305
970 438 303
968 433 301
966 428 299
965 423 296
963 417 294
961 412 292
959 407 290
957 402 286
955 397 283
953 393 279
951 388 275
949 383 272
947 378 268
945 374 264
942 369 261
940 364 257
938 359 253
936 354 250
934 350 246
931 345 242
929 340 238
927 335 234
925 330 231
923 325 227
920 320 223
918 315 219
916 310 215
913 305 211
911 300 207
909 295 204
907 290 200
904 285 196
902 280 192
900 274 188
897 269 184
895 264 180
892 259 176
890 253 171
888 248 167
885 243 163
883 237 159
880 232 155
878 226 150
875 221 146
873 215 142
870 210 138
868 204 133
865 198 129
862 193 125
859 188 121
856 184 119
852 179 116
849 175 113
846 170 110
842 166 107
839 161 104
836 157 101
832 152 98
829 147 95
825 143 92
822 138 89
818 134 86
815 129 83
811 124 80
808 119 77
804 115 74
800 110 71
797 105 68
793 100 65
789 95 61
786 90 58
782 85 55
778 80 52
774 75 49
771 70 45
767 65 42
763 60 39
759 55 35
755 49 32
751 44 28
747 39 25
743 33 21
739 28 18
735 23 15
731 17 11
727 12 8
723 7 4
719 2 1
715 0 0
710 0 0
705 0 0
701 0 0
696 0 0
691 0 0
686 0 0
682 0 0
677 0 0
672 0 0
667 0 0
663 0 0
658 0 0
653 0 0
648 0 0
644 0 0
639 0 0
634 0 0
630 0 0
625 0 0
620 0 0
615 0 0
611 0 0
606 0 0
601 0 0
597 0 0
592 0 0
587 0 0
583 0 0
578 0 0
573 0 0
569 0 0
564 0 0
559 0 0
555 0 0
550 0 0
545 0 0
541 0 0
536 0 0
531 0 0
526 0 0
522 0 0
517 0 0
512 0 0
508 -1 0
504 -5 -1
500 -8 -2
497 -11 -3
493 -14 -4
489 -17 -5
485 -20 -6
481 -23 -7
477 -26 -8
473 -28 -8
470 -31 -9
466 -33 -10
462 -36 -10
458 -38 -11
454 -40 -11
450 -42 -12
446 -44 -12
