301 181 181
304 184 184
307 186 186
311 188 188
314 191 191
318 193 193
321 196 196
324 198 198
328 200 200
331 203 203
335 205 205
338 208 208
341 210 210
345 212 212
348 215 215
352 217 217
355 219 219
358 222 222
362 224 224
365 227 227
369 229 229
372 231 231
375 234 234
379 236 236
382 239 239
386 241 241
389 243 243
393 246 246
396 248 248
399 250 250
403 253 253
406 255 255
410 257 257
413 260 260
417 262 262
420 265 265
424 267 267
427 269 269
430 272 272
434 274 274
437 276 276
441 279 279
444 281 281
448 284 284
451 286 286
455 288 288
458 291 291
462 293 293
465 295 295
469 298 298
472 300 300
476 303 303
479 305 305
483 307 307
486 310 310
490 312 312
493 315 315
497 317 317
500 319 319
504 322 322
507 324 324
511 327 327
515 329 329
518 331 331
522 334 334
525 336 336
529 339 339
532 341 341
536 343 343
540 346 346
543 348 348
547 351 351
550 353 353
554 356 356
558 358 358
561 360 360
565 363 363
568 365 365
572 368 368
576 370 370
579 373 373
583 375 375
586 377 377
590 380 380
594 382 382
597 385 385
601 387 387
605 390 390
608 392 392
612 395 395
616 397 397
619 400 400
623 402 402
627 405 405
631 407 407
634 410 410
638 412 412
642 414 414
645 417 417
649 419 419
653 422 422
657 424 424
660 427 427
664 430 430
668 432 432
672 435 435
675 437 437
679 440 440
683 442 442
687 445 445
691 447 447
694 450 450
698 452 452
702 455 455
706 457 457
710 460 460
714 462 462
717 465 465
721 468 468
725 470 470
729 473 473
733 475 475
737 478 478
741 481 481
745 483 483
748 486 486
752 488 488
756 491 491
760 494 494
764 496 496
768 499 499
772 501 501
776 504 504
778 508 506
779 513 508
780 517 510
782 522 512
783 526 514
784 530 516
786 535 518
787 539 520
788 544 522
790 548 524
791 553 526
792 557 528
794 561 530
795 566 532
796 570 534
798 575 536
799 579 538
800 583 540
802 588 542
803 592 544
805 597 546
806 601 548
807 605 550
809 610 553
810 614 555
812 618 557
813 623 559
815 627 561
816 631 563
817 636 565
819 640 567
820 645 569
822 649 572
823 653 574
825 658 576
826 662 578
828 666 580
829 671 582
831 675 584
832 679 587
834 684 589
836 688 591
837 692 593
839 697 595
840 701 598
842 705 600
843 710 602
845 714 604
847 719 606
848 723 609
850 727 611
851 732 613
853 736 615
855 740 618
856 745 620
858 749 622
860 754 625
861 758 627
863 762 629
865 767 631
866 771 634
868 775 636
870 780 638
871 784 641
873 789 643
875 793 645
877 798 648
878 802 650
880 806 653
882 811 655
884 815 657
885 820 660
887 824 662
889 829 664
891 833 667
893 838 669
894 842 672
896 847 674
898 851 677
900 856 679
902 860 682
904 865 684
906 869 686
907 874 689
909 878 691
911 883 694
913 887 696
915 892 699
917 896 701
919 901 704
921 906 707
923 910 709
925 915 712
927 919 714
929 924 717
931 929 719
933 933 724
936 936 736
940 940 749
943 943 761
946 946 774
950 950 786
953 953 798
956 956 810
960 960 821
963 963 833
967 967 845
970 970 857
974 974 868
977 977 879
980 980 891
984 984 902
987 987 913
991 991 925
994 994 936
998 998 947
1002 1002 958
1005 1005 969
1009 1009 980
1012 1012 991
1016 1016 1001
1019 1019 1012
1023 1023 1023
