614 25 364
621 28 369
628 31 374
635 35 380
641 38 385
648 41 390
655 44 396
662 48 401
669 51 406
676 54 412
683 57 417
689 61 423
696 64 428
703 67 433
710 70 439
717 74 444
724 77 449
730 80 455
737 83 460
744 87 465
751 90 471
758 93 476
765 96 482
772 100 487
779 103 492
786 106 498
791 114 504
795 126 511
799 139 518
802 151 524
805 163 531
808 175 537
812 186 543
815 198 549
818 208 555
820 219 561
823 230 566
826 240 572
829 250 577
831 260 582
834 270 587
837 279 592
839 289 598
842 298 603
844 307 607
847 316 612
849 325 617
852 334 622
854 343 627
857 352 631
859 361 636
861 369 641
864 378 645
866 387 650
868 395 654
870 403 659
873 412 663
875 420 667
877 428 672
879 436 676
882 445 681
884 453 685
886 461 689
888 469 694
890 477 698
893 485 703
895 492 708
897 500 714
900 508 719
902 515 725
904 523 730
907 530 735
909 538 740
911 546 746
913 553 751
916 561 756
918 568 762
920 576 767
923 583 772
925 591 777
927 598 783
929 606 788
932 613 793
934 621 798
936 629 804
938 636 809
941 644 814
943 651 819
945 659 825
948 666 830
950 674 835
952 681 840
954 689 846
957 696 851
959 704 856
961 711 862
963 719 867
966 727 872
968 734 877
970 742 881
973 750 884
975 758 888
977 766 892
979 774 896
981 781 900
984 789 904
986 797 908
988 805 912
991 813 916
993 821 920
995 829 924
997 837 928
1000 845 932
1002 853 936
1004 861 940
1006 869 944
1009 877 948
1011 885 952
1013 893 956
1014 902 960
1011 912 964
1009 923 967
1006 933 971
1003 944 974
1001 954 978
998 964 982
995 974 985
993 985 989
983 990 973
970 988 944
957 987 914
944 985 884
931 984 854
919 981 829
910 977 814
900 973 798
890 969 783
881 965 767
871 961 752
862 956 737
852 952 721
843 948 706
833 944 691
824 940 675
814 936 660
805 932 645
795 928 630
786 923 614
776 919 599
767 915 584
758 911 569
748 907 554
739 903 540
731 898 529
723 893 519
716 888 510
708 883 501
700 878 492
693 873 483
685 868 474
678 863 464
670 859 455
663 854 446
655 849 437
648 844 428
640 839 419
633 834 410
626 830 401
618 825 392
611 820 383
603 815 375
596 810 366
589 806 357
582 801 348
574 796 339
567 791 330
560 787 322
552 782 313
545 777 304
538 773 295
531 768 286
524 763 278
516 759 269
509 754 261
503 749 257
497 744 253
491 739 249
485 734 245
479 729 241
473 724 237
467 719 234
461 714 230
455 709 226
449 704 222
443 699 218
438 694 215
432 689 211
426 684 207
420 679 203
414 674 200
408 669 196
402 664 192
397 659 189
391 655 185
385 650 181
379 645 177
374 640 174
368 635 170
362 630 166
356 626 163
351 621 159
345 616 155
339 611 152
334 606 148
328 602 145
322 597 141
317 592 137
311 587 134
306 582 132
302 577 131
298 572 130
294 567 129
290 562 128
285 557 127
281 552 127
277 547 126
273 542 125
269 537 124
265 532 123
261 527 122
257 523 121
253 518 121
249 513 120
245 508 119
240 503 118
236 498 117
232 493 116
228 488 115
224 483 115
220 478 114
216 474 113
212 469 112
208 464 111
204 459 110
200 454 110
196 449 109
192 444 108
188 440 107
184 435 106
180 430 105
176 425 104
172 420 104
168 416 103
164 411 102
160 406 101
156 401 100
