788 109 500
792 116 505
795 126 511
798 137 517
801 147 522
803 157 527
806 166 532
809 176 537
811 185 542
814 194 547
816 203 552
818 211 556
821 220 561
823 228 565
825 236 570
827 245 574
830 253 578
832 261 583
834 268 587
836 276 591
838 284 595
840 291 599
842 299 603
844 306 607
846 314 611
848 321 615
850 328 619
852 335 622
854 343 626
856 350 630
858 357 634
860 364 637
862 371 641
863 377 645
865 384 648
867 391 652
869 398 656
871 405 659
873 411 663
874 418 666
876 425 670
878 431 673
880 438 677
882 444 680
883 451 684
885 457 687
887 464 691
889 470 694
890 477 698
892 483 702
894 489 706
896 495 711
898 501 715
900 508 719
902 514 723
903 520 728
905 526 732
907 532 736
909 538 740
911 544 745
913 550 749
914 556 753
916 562 757
918 568 762
920 575 766
922 581 770
924 587 774
925 593 779
927 599 783
929 605 787
931 611 791
933 617 795
934 623 800
936 629 804
938 635 808
940 641 812
942 647 817
944 653 821
945 659 825
947 665 829
949 671 833
951 677 838
953 683 842
955 689 846
956 696 850
958 702 855
960 708 859
962 714 863
964 720 867
966 726 872
967 732 875
969 738 879
971 745 882
973 751 885
975 757 888
976 764 891
978 770 894
980 776 898
982 782 901
984 789 904
985 795 907
987 802 910
989 808 913
991 814 917
993 821 920
995 827 923
996 833 926
998 840 929
1000 846 933
1002 853 936
1004 859 939
1006 866 942
1007 872 945
1009 878 949
1011 885 952
1013 891 955
1015 898 958
1013 906 961
1011 915 964
1009 923 967
1006 931 970
1004 940 973
1002 948 976
1000 956 979
998 964 982
996 973 985
994 981 987
991 989 990
989 991 986
978 989 962
968 988 939
958 987 915
947 986 891
937 985 867
926 983 842
917 981 826
910 977 814
902 974 801
894 971 789
887 967 776
879 964 764
871 961 752
864 957 739
856 954 727
848 951 715
841 947 702
833 944 690
825 941 678
818 937 666
810 934 653
803 931 641
795 927 629
787 924 617
780 921 604
772 917 592
765 914 580
757 911 568
749 908 556
742 904 543
735 900 534
729 897 526
723 893 519
717 889 511
710 885 504
704 881 497
698 877 489
692 873 482
686 869 475
680 865 467
674 861 460
668 857 453
662 853 445
656 849 438
650 845 431
644 842 424
638 838 416
632 834 409
626 830 402
620 826 395
614 822 388
608 818 380
602 815 373
597 811 366
591 807 359
585 803 352
579 799 345
573 795 338
567 792 331
561 788 324
556 784 317
550 780 309
544 777 302
538 773 295
532 769 288
527 765 281
521 762 274
515 758 267
509 754 261
504 750 257
499 746 254
495 742 251
490 738 248
485 734 245
480 730 242
475 726 239
471 722 236
466 717 233
461 713 230
456 709 227
451 705 224
447 701 221
442 698 218
437 694 215
433 690 212
428 686 209
423 682 205
418 678 202
414 674 199
409 670 196
404 666 194
400 662 191
395 658 188
390 654 185
386 650 182
381 646 179
377 643 176
372 639 173
367 635 170
363 631 167
358 627 164
354 623 161
349 619 158
344 616 155
340 612 152
335 608 149
331 604 146
326 600 143
322 596 141
317 593 138
313 589 135
309 585 133
305 581 132
302 577 131
298 573 130
295 569 129
291 565 129
288 561 128
285 557 127
282 553 127
278 549 126
275 545 125
272 541 125
268 537 124
265 533 123
262 529 122
258 525 122
