352 74 399
358 79 406
365 84 413
372 90 420
378 95 427
385 100 434
392 105 441
398 110 448
405 115 455
411 120 461
418 125 468
425 130 475
431 136 482
438 141 488
444 146 495
450 151 502
457 156 509
463 161 515
470 166 522
475 173 528
480 181 533
484 189 537
488 197 542
492 205 547
496 213 551
500 221 556
504 229 560
508 237 565
512 245 569
515 253 574
519 260 578
523 268 582
527 276 587
531 283 591
535 291 595
538 298 600
542 306 604
546 313 608
549 321 613
553 328 617
557 335 621
561 343 625
564 350 629
568 358 634
572 365 638
575 372 642
579 380 646
583 387 650
586 394 654
590 401 659
593 409 663
597 416 667
601 423 671
604 430 675
608 438 679
612 445 684
616 452 688
621 458 692
626 465 697
631 471 701
636 478 705
641 484 710
646 491 714
651 497 719
656 504 723
661 511 728
666 517 732
671 524 737
677 530 741
682 537 746
687 544 750
692 550 755
697 557 759
702 564 764
708 571 768
713 577 773
718 584 778
723 591 782
729 598 787
734 605 791
739 611 796
745 618 801
750 625 806
755 632 810
761 639 815
766 646 820
772 653 824
777 660 829
783 667 833
788 675 837
794 682 841
800 689 845
805 696 849
811 703 852
817 711 856
822 718 860
828 725 864
834 733 868
840 740 872
846 748 876
852 755 880
858 763 884
863 770 888
869 778 892
875 785 896
881 793 900
887 801 904
894 808 908
900 816 912
906 824 917
912 832 921
918 840 925
924 847 929
929 856 933
933 865 937
937 874 941
942 883 945
946 892 949
950 901 952
954 910 956
958 919 960
962 929 964
967 938 968
971 947 972
975 956 976
979 966 980
984 975 984
988 985 988
981 989 979
965 985 960
950 981 942
934 978 923
919 974 904
903 970 886
888 967 867
872 963 848
859 958 835
847 953 823
834 948 810
821 943 797
809 937 785
796 932 772
784 927 760
772 922 748
759 917 735
747 912 723
734 907 710
722 902 698
710 897 686
698 892 673
685 887 661
673 881 649
662 876 639
652 870 630
642 864 622
632 858 613
622 852 605
612 847 597
602 841 589
592 835 581
582 829 573
573 823 565
563 818 556
553 812 548
543 806 540
534 800 532
524 795 524
514 789 516
505 783 508
495 778 500
486 772 492
476 766 485
467 761 477
457 755 469
448 749 461
438 744 453
429 738 445
419 732 437
410 727 429
400 721 422
391 716 414
381 710 406
372 705 398
363 699 390
355 693 385
348 687 380
341 681 376
334 675 371
327 669 366
320 663 362
313 656 357
306 650 352
299 644 347
292 638 343
285 632 338
278 627 334
271 621 329
264 615 324
257 609 320
250 603 315
243 597 310
236 591 306
229 585 301
222 579 297
215 573 292
209 567 288
202 562 283
195 556 278
188 550 274
181 544 269
174 538 265
168 532 260
161 526 256
154 521 251
147 515 247
140 509 242
134 503 237
127 497 233
120 491 228
113 486 224
108 480 220
104 473 216
101 467 213
98 461 210
95 455 206
91 449 203
88 443 200
85 437 197
82 431 193
79 424 190
76 418 187
72 412 183
69 406 180
66 400 177
63 394 174
60 388 170
57 382 167
54 376 164
50 370 161
47 364 157
44 358 154
41 352 151
38 346 148
35 340 144
32 334 141
29 328 138
25 322 135
22 316 131
19 310 128
16 304 125
13 298 122
10 292 119
7 286 115
4 280 112
1 274 109
-5 268 105
