357 78 405
364 83 412
370 88 419
377 93 426
384 99 432
390 104 439
397 109 446
403 114 453
410 119 460
416 124 466
423 129 473
429 134 480
436 139 486
442 144 493
449 149 500
455 154 506
461 159 513
468 164 520
473 171 526
478 178 531
482 186 536
486 194 540
490 203 545
494 211 550
498 219 554
502 226 559
506 234 563
510 242 568
514 250 572
518 257 576
522 265 581
525 273 585
529 280 589
533 288 594
537 295 598
540 303 602
544 310 606
548 317 611
552 325 615
555 332 619
559 339 623
563 347 627
566 354 632
570 361 636
573 369 640
577 376 644
581 383 648
584 390 652
588 398 656
592 405 661
595 412 665
599 419 669
602 427 673
606 434 677
610 441 681
613 448 685
618 455 690
623 461 694
628 468 698
633 474 703
638 481 707
643 487 712
648 494 716
653 500 720
658 507 725
663 513 729
668 520 734
673 526 738
678 533 743
684 539 747
689 546 752
694 553 756
699 559 761
704 566 765
709 573 770
715 580 774
720 586 779
725 593 784
730 600 788
735 607 793
741 613 798
746 620 802
751 627 807
757 634 812
762 641 816
768 648 821
773 655 826
778 662 830
784 669 834
790 676 838
795 683 842
801 691 846
806 698 849
812 705 853
818 712 857
824 720 861
829 727 865
835 734 869
841 742 873
847 749 877
853 756 881
859 764 885
864 771 889
870 779 893
876 786 897
882 794 901
888 802 905
894 809 909
900 817 913
906 825 917
913 833 921
919 840 925
925 848 930
930 857 933
934 866 937
938 875 941
942 884 945
946 893 949
950 902 953
954 911 957
958 920 960
963 929 964
967 938 968
971 947 972
975 957 976
980 966 980
984 975 984
988 985 988
981 989 979
965 985 960
950 981 942
935 978 923
919 974 905
904 971 886
888 967 868
873 963 849
860 958 836
847 953 823
835 948 811
822 943 798
810 938 786
798 933 773
785 928 761
773 923 749
760 917 736
748 912 724
736 907 712
724 902 700
711 897 687
699 892 675
687 887 663
675 882 651
663 877 640
653 871 631
643 865 623
633 859 615
624 853 607
614 848 599
604 842 590
594 836 582
584 830 574
575 825 566
565 819 558
555 813 550
546 807 542
536 802 534
526 796 526
517 790 518
507 785 510
498 779 502
488 773 495
479 768 487
469 762 479
460 756 471
450 751 463
441 745 455
431 740 447
422 734 440
413 729 432
403 723 424
394 717 416
384 712 409
375 706 401
366 701 393
358 695 387
350 689 382
343 683 377
336 677 373
329 671 368
322 665 363
315 659 359
308 653 354
301 647 349
294 641 345
287 635 340
281 629 335
274 623 331
267 617 326
260 611 322
253 605 317
246 599 312
239 594 308
232 588 303
226 582 299
219 576 294
212 570 290
205 564 285
198 559 281
192 553 276
185 547 272
178 541 267
171 535 263
164 529 258
158 524 253
151 518 249
144 512 244
137 506 240
131 500 235
124 495 231
117 489 226
111 483 222
106 477 218
103 471 215
100 465 212
97 459 208
93 453 205
90 446 202
87 440 199
84 434 195
81 428 192
78 422 189
74 416 186
71 410 182
68 404 179
65 398 176
62 392 173
59 386 169
56 380 166
53 374 163
49 368 160
46 362 156
43 356 153
40 350 150
37 344 147
34 338 143
31 332 140
28 326 137
25 320 134
22 314 131
18 308 127
15 302 124
12 296 121
9 291 118
6 285 115
3 279 112
0 273 108
