1023 991 1007
1019 987 1005
1015 984 1003
1011 981 1001
1007 977 999
1003 974 997
999 970 995
995 967 994
991 964 992
987 960 990
983 957 988
979 954 986
975 950 984
971 947 982
967 944 980
963 940 978
959 937 977
955 934 975
951 930 973
947 927 971
943 924 969
939 921 968
935 917 966
931 914 964
927 911 962
923 908 961
919 905 959
915 902 957
911 898 955
907 895 954
903 892 952
899 889 950
895 886 949
891 883 947
887 880 945
883 876 943
879 873 942
875 870 940
871 867 938
867 864 937
863 861 935
859 858 933
855 855 932
851 852 930
848 849 928
844 846 927
840 843 925
836 840 923
831 837 922
826 834 920
821 832 919
815 829 918
810 827 916
805 824 915
800 822 914
795 819 912
789 817 911
784 815 910
779 812 908
774 810 907
769 807 905
763 805 904
758 802 903
753 800 901
748 797 900
743 795 899
738 792 897
733 790 896
727 787 895
722 785 893
717 783 892
712 780 891
707 778 889
702 775 888
697 773 887
692 770 885
687 768 884
681 766 883
676 763 881
671 761 880
666 758 879
661 756 877
655 754 876
649 752 875
644 749 873
638 747 872
633 745 871
627 743 869
622 740 868
616 738 867
610 736 865
605 734 864
599 732 863
594 729 861
588 727 860
582 725 859
577 723 857
571 720 856
566 718 855
560 716 853
554 714 852
549 711 850
543 709 849
538 707 848
532 705 846
527 702 845
521 700 844
515 698 842
510 696 841
504 693 840
498 691 838
493 689 837
487 687 836
482 684 834
476 682 833
470 680 832
465 678 830
459 675 829
453 673 828
448 671 826
442 669 825
437 666 823
431 664 822
425 662 821
420 660 819
414 657 818
408 655 817
403 653 815
397 650 814
391 648 813
386 646 811
380 644 810
374 641 808
368 639 807
363 637 806
357 634 804
351 632 803
345 630 801
340 627 800
334 625 799
328 623 797
322 620 796
317 618 794
311 616 793
305 613 792
299 611 790
293 609 789
287 606 787
281 604 786
275 601 784
269 599 783
264 597 782
258 594 780
252 592 779
246 589 777
240 587 776
234 584 774
227 582 773
221 580 771
216 577 770
212 574 769
207 572 767
203 569 766
199 566 765
195 564 763
191 561 762
187 558 760
182 555 759
178 553 758
174 550 756
170 547 755
166 544 754
161 542 752
157 539 751
153 536 749
149 533 748
145 531 747
140 528 745
136 525 744
132 522 743
128 520 741
123 517 740
119 514 738
115 511 737
111 509 736
106 506 734
102 503 733
98 500 731
94 497 730
89 495 729
85 492 727
81 489 726
76 486 724
72 483 723
68 480 722
63 478 720
59 475 719
55 472 717
50 469 716
46 466 715
42 463 713
37 461 712
33 458 710
28 455 709
24 452 707
21 449 705
20 447 702
20 444 698
20 441 694
20 439 689
19 436 685
19 434 681
19 431 677
19 429 673
19 426 669
19 423 665
19 421 661
19 418 657
19 416 653
18 413 649
18 411 645
18 408 641
18 406 637
18 403 633
18 401 629
18 398 625
18 396 621
18 393 616
17 390 612
17 388 608
17 385 604
17 383 600
17 380 596
17 378 592
17 375 588
17 373 584
16 370 580
16 368 576
16 365 572
16 363 568
16 360 564
16 358 560
16 355 557
16 353 553
15 350 549
15 348 545
15 345 541
15 343 537
15 340 533
15 338 529
15 335 525
14 333 521
14 330 517
14 328 514
14 325 510
14 323 506
