1023 991 1007
1019 987 1005
1015 983 1003
1012 978 1000
1008 974 998
1004 970 996
1000 966 994
997 962 992
993 958 990
989 954 987
985 949 985
982 945 983
978 941 981
974 937 979
971 933 977
967 929 975
963 925 972
960 921 970
956 917 968
953 913 966
949 909 964
945 905 962
939 902 960
934 899 958
929 896 956
923 892 954
918 889 953
913 886 951
907 883 949
902 879 947
897 876 945
892 873 943
886 870 941
881 867 939
876 864 937
871 860 936
865 857 934
860 854 932
855 851 930
850 848 928
845 845 926
840 842 925
834 839 923
829 836 921
823 833 920
817 830 918
811 827 917
805 824 915
799 822 913
793 819 912
787 816 910
781 813 909
776 810 907
770 808 906
764 805 904
758 802 903
752 799 901
746 797 900
741 794 898
735 791 897
729 788 895
723 786 894
717 783 892
712 780 891
706 777 889
700 775 888
694 772 886
689 769 885
683 766 883
677 764 882
671 761 880
665 758 879
659 756 877
651 754 876
644 751 874
637 749 873
630 747 872
623 744 870
616 742 869
608 740 868
601 738 866
594 735 865
587 733 863
580 731 862
572 728 861
565 726 859
558 724 858
551 722 857
543 719 855
536 717 854
529 715 852
521 712 851
514 710 850
507 708 848
499 705 847
492 703 845
485 701 844
477 698 843
470 696 841
462 694 840
455 691 838
447 689 837
440 686 836
432 684 834
425 682 833
417 679 831
411 677 830
405 674 828
400 671 826
394 668 825
389 665 823
383 663 821
378 660 820
372 657 818
366 654 816
361 651 814
355 648 813
350 646 811
344 643 809
339 640 808
333 637 806
328 634 804
322 631 803
316 629 801
311 626 799
305 623 797
300 620 796
294 617 794
289 614 792
283 612 791
277 609 789
272 606 787
266 603 785
261 600 784
255 597 782
249 594 780
244 591 779
238 589 777
232 586 775
227 583 773
221 580 772
215 577 768
208 575 761
201 573 754
194 571 747
187 569 739
180 567 732
173 565 725
165 563 717
158 561 710
151 559 702
144 557 694
136 554 687
129 552 679
121 550 671
114 548 664
106 546 656
99 544 648
91 541 640
83 539 632
76 537 624
68 535 616
60 532 607
52 530 599
44 528 591
36 525 582
28 523 574
20 521 566
11 518 557
8 516 550
8 513 543
8 510 537
8 508 530
7 505 524
7 502 517
7 499 511
7 496 504
7 494 498
7 491 491
7 488 485
7 485 478
6 482 472
6 480 465
6 477 459
6 474 452
6 471 446
6 469 439
6 466 433
5 463 426
5 460 420
5 457 414
5 455 407
5 452 401
5 449 394
5 446 388
5 444 381
4 441 375
4 438 368
4 435 362
4 432 357
4 429 353
4 426 351
4 423 348
4 420 345
4 417 342
4 414 339
4 411 336
4 408 334
4 405 331
4 402 328
4 399 325
4 396 322
4 393 320
4 389 317
4 386 314
4 383 311
4 380 308
4 377 305
4 374 303
4 371 300
4 368 297
4 365 294
4 362 291
4 359 289
4 356 286
4 353 283
4 350 280
4 347 277
4 344 275
4 341 272
4 338 269
4 335 266
4 332 264
4 329 261
4 326 258
4 323 255
4 320 252
4 317 250
4 314 247
4 311 244
4 307 241
4 304 238
4 301 236
4 298 233
4 295 230
4 292 227
4 289 224
4 286 222
4 283 219
3 280 216
-1 278 214
-5 275 211
-9 272 208
-13 269 206
-17 266 203
-20 264 201
