1023 991 1007
1019 987 1005
1016 983 1003
1012 979 1001
1008 975 998
1005 971 996
1001 966 994
997 962 992
994 958 990
990 954 988
986 950 986
983 946 984
979 942 982
976 938 979
972 935 977
968 931 975
965 927 973
961 923 971
958 919 969
954 915 967
951 911 965
947 907 963
942 904 961
937 901 959
932 897 957
926 894 956
921 891 954
916 888 952
911 885 950
906 882 948
901 879 946
895 876 945
890 872 943
885 869 941
880 866 939
875 863 937
870 860 935
865 857 934
860 854 932
855 851 930
850 848 928
845 845 926
840 842 925
835 839 923
829 836 921
823 833 920
817 830 918
812 828 917
806 825 915
800 822 914
794 819 912
789 817 911
783 814 909
777 811 908
772 809 906
766 806 905
760 803 903
754 800 902
749 798 900
743 795 899
737 792 897
732 790 896
726 787 894
721 784 893
715 782 891
709 779 890
704 776 888
698 773 887
692 771 886
687 768 884
681 765 883
676 763 881
670 760 880
664 758 878
657 755 877
650 753 876
643 751 874
636 749 873
629 747 872
622 744 870
615 742 869
608 740 868
601 738 866
594 735 865
587 733 864
580 731 862
573 729 861
566 726 860
559 724 858
552 722 857
545 720 855
538 717 854
530 715 853
523 713 851
516 711 850
509 708 849
502 706 847
495 704 846
487 702 845
480 699 843
473 697 842
466 695 840
458 692 839
451 690 838
444 688 836
437 685 835
429 683 833
422 681 832
415 678 831
409 676 829
403 673 827
398 670 826
393 667 824
387 665 822
382 662 821
376 659 819
371 656 818
366 654 816
360 651 814
355 648 813
349 645 811
344 643 809
339 640 808
333 637 806
328 634 804
322 632 803
317 629 801
311 626 799
306 623 798
301 621 796
295 618 794
290 615 793
284 612 791
279 609 789
273 607 788
268 604 786
262 601 784
257 598 783
251 595 781
246 593 779
240 590 777
235 587 776
229 584 774
224 581 772
218 579 770
212 576 765
205 574 758
198 572 751
191 570 744
184 568 737
177 566 729
170 564 722
163 562 715
156 560 707
149 558 700
142 556 693
135 554 685
127 552 678
120 550 670
113 548 662
105 546 655
98 543 647
91 541 639
83 539 631
75 537 624
68 535 616
60 533 608
52 530 600
44 528 591
37 526 583
29 523 575
21 521 567
13 519 559
9 516 551
8 514 545
8 511 538
8 508 532
7 506 526
7 503 519
7 500 513
7 497 507
7 495 500
7 492 494
7 489 488
7 487 481
6 484 475
6 481 469
6 478 462
6 476 456
6 473 450
6 470 443
6 468 437
6 465 431
5 462 425
5 459 418
5 457 412
5 454 406
5 451 399
5 449 393
5 446 387
4 443 380
4 441 374
4 438 368
4 435 361
4 432 356
4 429 353
4 426 351
4 423 348
4 420 345
4 417 342
4 414 340
4 411 337
4 408 334
4 405 331
4 402 329
4 399 326
4 396 323
4 393 320
4 390 318
4 387 315
4 384 312
4 381 309
4 379 307
4 376 304
4 373 301
4 370 298
4 367 296
4 364 293
4 361 290
4 358 287
4 355 285
4 352 282
4 349 279
4 346 277
4 343 274
4 340 271
4 337 268
4 334 266
4 331 263
4 328 260
4 325 257
4 322 255
4 319 252
4 316 249
4 313 247
4 310 244
4 307 241
4 304 238
4 302 236
4 299 233
4 296 230
4 293 228
4 290 225
4 287 222
4 284 219
4 281 217
