689 337 25
694 340 25
700 343 25
705 346 25
710 348 24
715 352 24
720 355 25
724 359 26
728 363 27
732 366 29
737 370 30
741 374 31
745 378 32
749 382 34
753 386 35
758 390 36
762 394 38
766 398 39
770 402 40
775 406 42
779 410 43
783 414 44
787 418 46
791 422 47
796 426 48
800 429 50
804 433 51
809 437 52
813 441 54
817 445 55
821 450 56
826 454 58
830 458 59
834 462 60
839 466 62
843 470 63
847 474 64
852 478 66
856 482 67
861 486 68
865 490 70
869 494 71
874 498 72
878 502 74
883 506 75
887 511 77
891 515 78
896 519 79
900 523 83
903 529 91
905 534 99
908 539 106
911 545 114
914 550 122
917 555 129
919 560 137
922 566 145
925 571 152
928 576 160
931 581 168
934 587 175
936 592 183
939 597 191
942 602 198
945 607 206
948 613 214
950 618 221
953 623 229
956 628 237
959 634 244
962 639 252
965 644 260
967 650 268
970 655 275
973 660 283
976 665 291
979 671 298
982 676 306
984 681 314
987 687 322
990 692 329
993 697 337
996 702 345
999 708 353
1002 713 361
1004 718 368
1007 724 376
1010 729 384
1013 735 392
1015 740 402
1015 747 415
1015 754 429
1016 760 443
1016 767 456
1016 773 470
1016 780 483
1016 786 497
1016 793 510
1016 799 524
1017 806 537
1017 812 550
1017 818 564
1017 825 577
1017 831 590
1017 838 604
1018 844 617
1018 850 630
1018 857 643
1018 863 657
1018 870 670
1018 876 683
1019 882 696
1019 889 709
1019 895 723
1018 902 738
1016 908 758
1014 915 777
1012 922 796
1010 929 815
1008 935 834
1006 942 853
1004 949 871
1002 955 890
1000 962 909
998 968 927
996 975 946
994 982 964
992 988 983
988 989 990
983 983 988
977 978 986
972 973 984
966 968 981
961 963 979
955 958 977
950 953 975
944 947 973
939 942 971
934 937 969
928 932 967
923 927 965
918 922 963
912 917 960
907 912 958
902 907 956
896 902 954
891 898 952
886 893 950
881 888 948
875 883 946
870 878 944
865 873 942
861 868 939
857 863 937
853 858 934
849 853 931
845 848 928
841 843 926
837 838 923
833 832 920
828 827 918
824 822 915
820 818 912
816 813 910
812 808 907
808 803 905
804 798 902
800 793 899
797 788 897
793 783 894
789 778 892
785 773 889
781 769 886
777 764 884
773 759 881
769 754 879
765 749 876
761 745 874
758 740 871
754 735 869
750 730 866
746 726 864
742 721 861
739 716 859
735 712 856
731 707 854
727 702 851
724 698 849
720 693 846
716 688 844
712 684 841
708 679 838
704 675 835
700 671 832
696 666 829
693 662 826
689 658 823
685 653 820
681 649 817
677 644 814
673 640 811
669 636 808
665 632 806
662 627 803
658 623 800
654 619 797
650 614 794
646 610 791
643 606 788
639 602 785
635 597 782
631 593 780
628 589 777
624 585 774
620 581 771
616 577 768
613 572 765
609 568 763
605 564 760
601 560 757
598 556 754
594 552 751
590 548 748
587 543 746
583 539 743
579 535 740
576 531 737
572 527 735
569 523 732
565 519 729
561 515 726
558 511 724
554 507 721
550 503 718
547 499 715
543 495 713
540 491 710
536 487 707
533 483 705
529 479 702
525 475 699
522 471 696
518 467 694
515 463 691
512 459 689
509 454 687
507 450 684
504 445 682
502 441 680
499 436 678
496 432 676
494 427 674
491 423 672
489 418 670
486 414 668
483 409 665
