509 237 32
516 240 32
522 244 32
529 247 31
535 251 31
541 254 31
548 258 31
554 262 30
560 265 30
567 269 30
573 272 30
580 276 29
586 279 29
593 283 29
599 287 29
606 290 28
612 294 28
618 297 28
625 301 28
631 305 27
638 308 27
644 312 27
651 316 27
658 319 26
664 323 26
671 327 26
677 330 26
684 334 25
690 338 25
697 341 25
704 345 25
710 349 24
717 353 25
723 357 25
728 362 27
733 367 29
739 372 30
744 377 32
749 382 34
755 387 35
760 392 37
765 397 39
771 402 40
776 407 42
781 412 44
787 417 45
792 422 47
798 427 49
803 432 51
809 438 52
814 443 54
820 448 56
825 453 57
831 458 59
836 463 61
842 468 62
847 473 64
853 479 66
858 484 68
864 489 69
869 494 71
875 499 73
881 505 75
886 510 76
892 515 78
898 521 80
902 527 88
905 534 98
909 540 108
912 547 118
916 554 127
920 560 137
923 567 147
927 574 157
930 581 167
934 587 176
937 594 186
941 601 196
945 607 206
948 614 215
952 621 225
955 627 235
959 634 245
963 641 255
966 647 264
970 654 274
973 661 284
977 668 294
981 674 304
984 681 314
988 688 324
992 695 333
995 701 343
999 708 353
1002 715 363
1006 722 373
1010 729 383
1013 736 394
1015 743 408
1015 752 425
1016 760 442
1016 768 460
1016 777 477
1016 785 494
1016 793 511
1017 801 528
1017 810 545
1017 818 562
1017 826 579
1017 834 596
1018 842 613
1018 850 630
1018 858 647
1018 867 664
1018 875 680
1019 883 697
1019 891 714
1019 899 731
1016 908 756
1014 916 780
1011 925 804
1008 933 829
1006 942 853
1003 950 876
1001 959 900
998 967 924
996 976 948
993 984 971
985 985 989
978 979 986
971 972 983
964 966 980
957 959 978
950 953 975
943 946 972
936 940 970
929 933 967
922 927 964
916 920 962
909 914 959
902 908 957
895 901 954
889 895 951
882 889 949
875 883 946
869 877 944
863 870 940
858 864 937
852 857 934
847 851 930
842 844 927
837 838 923
832 831 920
827 825 916
821 819 913
816 812 910
811 806 906
806 800 903
801 794 900
796 787 896
791 781 893
786 775 890
781 769 887
776 763 883
771 757 880
766 751 877
761 744 874
756 738 870
752 732 867
747 726 864
742 720 861
737 714 858
732 708 854
727 703 851
723 697 848
718 691 845
713 685 842
708 679 838
703 674 834
698 668 830
693 662 826
688 657 823
683 651 819
678 646 815
673 640 811
668 635 808
664 629 804
659 624 800
654 618 797
649 613 793
644 608 789
639 602 786
634 597 782
630 591 778
625 586 775
620 581 771
615 575 767
611 570 764
606 565 760
601 560 757
597 554 753
592 549 750
587 544 746
583 539 742
578 533 739
573 528 735
569 523 732
564 518 728
559 513 725
555 508 721
550 502 718
546 497 714
541 492 711
537 487 708
532 482 704
527 477 701
523 472 697
518 467 694
514 462 690
510 456 688
507 450 685
504 445 682
501 439 679
497 433 677
494 428 674
491 422 671
487 416 669
484 411 666
481 405 663
478 399 661
474 394 658
471 388 655
468 382 653
464 377 650
461 371 647
458 365 645
455 360 642
451 354 639
448 348 636
445 343 634
441 337 631
438 331 628
435 325 626
432 320 623
428 314 620
425 308 618
422 303 615
418 297 612
415 291 609
412 285 607
408 279 604
405 274 601
401 268 598
398 262 596
395 256 593
391 250 590
