991 979 999
987 975 997
984 971 995
980 966 992
977 962 990
974 958 988
970 954 986
967 950 984
963 946 982
960 942 979
956 938 977
953 934 975
950 930 973
946 926 971
943 922 969
939 918 967
936 914 965
933 910 963
929 906 960
926 902 958
924 897 956
922 893 954
920 889 951
918 884 949
916 880 947
914 875 944
912 871 942
910 867 940
908 862 938
905 858 935
903 854 933
901 849 931
899 845 929
897 841 926
895 836 924
893 832 922
891 828 920
889 824 917
887 819 915
885 815 913
883 811 911
881 807 908
879 802 906
877 798 904
875 794 902
873 790 899
871 785 897
869 781 895
867 777 893
865 773 891
863 769 888
861 765 886
859 760 884
857 756 882
855 752 880
853 748 878
851 744 875
850 739 873
848 735 871
847 731 869
846 726 866
844 722 864
843 717 862
842 713 860
841 709 857
839 704 855
838 700 853
837 696 851
835 691 848
834 687 846
833 682 844
831 678 842
830 674 839
829 669 837
828 665 835
826 661 833
825 656 830
824 652 828
822 648 826
821 643 824
820 639 822
818 635 819
817 630 817
816 626 815
815 621 813
813 617 810
812 613 808
811 608 806
809 604 804
808 600 801
807 595 799
808 590 796
811 583 793
815 576 790
818 569 786
821 562 783
825 555 779
828 547 776
832 540 772
835 532 768
839 524 764
843 516 761
846 508 757
850 500 753
854 492 748
858 483 744
862 474 740
867 465 735
871 456 731
876 446 726
880 436 721
885 425 716
891 414 710
894 404 705
896 396 700
897 388 695
898 381 691
899 373 686
900 365 681
901 357 676
902 349 670
903 340 665
904 332 659
906 323 654
907 314 648
908 304 642
909 295 636
911 285 630
912 274 623
914 263 616
915 252 609
917 240 602
918 228 594
920 214 585
922 200 576
924 184 566
926 167 555
924 162 547
920 159 540
917 155 533
913 152 526
910 149 519
907 146 512
903 143 505
900 140 497
896 136 490
893 133 483
889 130 476
886 127 468
882 124 461
879 120 454
875 117 447
872 114 439
868 111 432
865 107 425
861 104 417
858 101 410
854 98 403
851 94 395
847 91 388
843 88 380
840 85 373
836 81 365
833 78 358
829 75 350
825 72 345
820 70 343
816 69 341
811 67 340
807 66 338
802 64 336
798 63 335
793 61 333
788 60 332
784 58 330
779 56 328
775 55 327
770 53 325
766 52 324
761 50 322
757 49 320
752 47 319
747 46 317
743 44 316
738 43 314
734 41 312
729 40 311
725 38 309
720 37 308
716 35 306
711 34 304
707 32 303
702 31 301
698 29 300
693 28 298
689 26 297
684 25 295
680 23 293
676 22 292
671 20 290
667 19 289
662 17 287
658 16 286
653 15 284
649 13 283
645 12 281
640 10 279
636 9 278
631 7 276
627 6 275
623 4 273
618 3 272
614 1 270
610 0 268
605 0 265
601 0 262
596 0 259
592 0 256
588 0 252
583 0 249
579 0 246
574 0 243
570 0 240
566 0 236
561 0 233
557 0 230
552 0 227
548 0 223
544 0 220
539 0 217
535 0 214
530 0 211
526 0 207
522 0 204
517 0 201
513 0 198
509 0 194
504 0 191
500 0 188
495 0 185
491 0 182
487 0 178
482 0 175
478 0 172
473 0 169
469 0 165
465 0 162
460 0 159
456 0 156
451 0 152
447 0 149
443 0 146
438 0 143
434 0 139
429 0 136
425 0 133
