991 979 999
987 975 997
984 970 995
980 966 992
977 962 990
973 958 988
970 954 986
966 950 984
963 946 981
959 942 979
956 937 977
953 933 975
949 929 973
946 925 971
942 921 969
939 917 966
936 913 964
932 909 962
929 905 960
926 901 958
924 896 956
922 892 953
920 888 951
917 883 949
915 879 946
913 874 944
911 870 942
909 865 939
907 861 937
905 857 935
903 852 932
901 848 930
899 844 928
897 839 926
895 835 923
892 831 921
890 826 919
888 822 916
886 818 914
884 813 912
882 809 910
880 805 907
878 800 905
876 796 903
874 792 901
872 788 898
870 783 896
868 779 894
866 775 892
864 771 890
862 767 887
860 762 885
858 758 883
856 754 881
854 750 879
852 746 876
850 741 874
849 737 872
848 732 870
846 728 867
845 723 865
844 719 863
842 715 860
841 710 858
840 706 856
838 701 854
837 697 851
836 692 849
834 688 847
833 684 845
832 679 842
830 675 840
829 670 838
828 666 835
827 662 833
825 657 831
824 653 829
823 648 826
821 644 824
820 640 822
819 635 820
817 631 817
816 626 815
815 622 813
813 618 811
812 613 808
811 609 806
810 605 804
808 600 802
807 596 799
808 590 797
811 583 793
815 576 790
818 569 786
821 562 783
825 555 779
828 547 776
832 540 772
835 532 768
839 524 764
843 516 760
846 508 756
850 500 752
854 491 748
859 482 744
863 473 739
867 464 735
872 454 730
876 445 725
881 434 720
886 423 715
891 412 709
895 402 704
896 395 699
897 387 695
898 379 690
899 371 685
900 363 680
901 355 674
902 347 669
904 338 664
905 329 658
906 320 652
907 311 646
908 302 640
910 292 634
911 281 628
913 271 621
914 260 614
916 248 607
917 236 599
919 223 591
921 209 582
923 194 572
925 177 562
925 165 552
922 160 544
919 157 537
915 154 530
912 151 523
908 148 516
905 144 508
901 141 501
898 138 494
894 135 487
891 132 479
887 128 472
884 125 465
880 122 457
877 119 450
873 115 443
870 112 435
866 109 428
863 106 420
859 102 413
856 99 406
852 96 398
848 92 391
845 89 383
841 86 375
837 82 368
834 79 360
830 76 353
826 73 346
822 71 343
817 69 342
813 68 340
808 66 338
803 64 337
799 63 335
794 61 334
789 60 332
785 58 330
780 57 329
776 55 327
771 54 326
766 52 324
762 51 322
757 49 321
753 48 319
748 46 317
743 45 316
739 43 314
734 41 313
730 40 311
725 38 309
721 37 308
716 35 306
711 34 305
707 32 303
702 31 301
698 29 300
693 28 298
689 26 297
684 25 295
680 23 293
675 22 292
671 20 290
666 19 289
662 17 287
657 16 286
653 14 284
649 13 282
644 11 281
640 10 279
635 8 278
631 7 276
626 6 275
622 4 273
618 3 272
613 1 270
609 0 268
604 0 265
600 0 262
595 0 258
591 0 255
587 0 252
582 0 248
578 0 245
573 0 242
569 0 239
564 0 235
560 0 232
555 0 229
551 0 226
547 0 222
542 0 219
538 0 216
533 0 213
529 0 209
524 0 206
520 0 203
516 0 200
511 0 196
507 0 193
502 0 190
498 0 187
493 0 183
489 0 180
484 0 177
480 0 173
476 0 170
471 0 167
467 0 164
462 0 160
458 0 157
453 0 154
449 0 151
444 0 147
440 0 144
436 0 141
431 0 138
427 0 134
422 0 131
418 0 128
413 0 124
