1011 1007 1015
1007 1003 1013
1003 999 1010
999 994 1008
995 990 1005
992 986 1003
988 982 1001
984 978 998
980 974 996
976 969 994
972 965 991
969 961 989
965 957 987
961 953 984
957 949 982
953 945 980
948 941 978
944 938 976
940 934 974
936 930 972
931 926 970
927 922 968
923 918 966
919 915 964
915 911 962
910 907 960
906 903 958
902 900 956
898 896 954
894 892 952
890 888 950
886 885 948
882 881 946
878 877 944
873 874 942
870 870 940
866 866 938
862 862 936
858 859 934
854 855 933
850 851 931
847 847 929
843 844 927
839 840 925
835 836 923
831 833 921
828 829 919
824 825 917
820 822 915
816 818 914
813 815 912
809 811 910
805 807 908
801 804 906
798 800 904
794 797 902
790 793 901
787 790 899
783 786 897
779 782 895
776 779 893
772 775 891
768 772 890
765 768 888
761 765 886
757 761 884
754 758 882
751 754 880
748 751 878
745 747 876
741 743 874
738 740 872
735 736 870
732 733 868
729 729 866
726 725 864
723 722 862
720 718 860
717 715 858
714 711 856
711 708 854
708 704 852
705 701 850
702 697 848
699 694 846
696 690 844
693 687 842
690 683 840
687 680 838
684 676 836
681 673 834
678 669 832
675 666 830
672 662 828
669 659 826
666 655 824
663 652 822
660 649 820
657 645 818
654 642 816
651 638 814
649 635 812
646 632 810
643 628 808
640 625 806
637 621 804
634 618 803
631 615 801
627 612 799
624 608 798
621 605 796
617 602 795
614 599 793
611 596 792
608 592 790
604 589 789
601 586 787
598 583 785
594 580 784
591 576 782
588 573 781
585 570 779
581 567 778
578 564 776
575 561 775
572 558 773
568 554 772
565 551 770
562 548 769
559 545 767
555 542 766
552 539 764
549 536 763
546 533 761
543 530 760
539 526 758
536 523 757
533 520 755
530 517 754
527 514 752
523 511 751
520 508 749
517 505 748
514 502 746
512 498 745
510 495 743
508 491 741
507 488 739
505 484 737
503 481 735
501 477 733
500 474 732
498 470 730
496 466 728
494 463 726
492 459 724
491 456 722
489 452 720
487 449 719
485 445 717
484 442 715
482 438 713
480 435 711
478 431 709
477 428 708
475 424 706
473 421 704
471 417 702
470 413 700
468 410 698
466 406 697
464 403 695
462 399 693
461 396 691
459 392 689
457 389 687
455 385 685
454 382 684
452 378 682
450 375 680
448 371 678
447 368 676
445 364 674
443 361 673
441 357 671
440 353 669
438 350 667
436 346 665
434 343 663
432 339 661
431 336 660
429 332 658
427 329 656
425 325 654
423 321 652
422 318 651
420 314 649
418 311 647
416 307 645
414 304 644
412 300 642
410 296 640
408 293 639
407 289 637
405 286 635
403 282 633
401 278 632
399 275 630
397 271 628
395 267 626
393 264 625
391 260 623
389 256 621
387 253 619
385 249 618
383 245 616
382 242 614
380 238 612
378 234 611
376 230 609
374 227 607
372 223 605
370 219 603
368 215 602
366 211 600
364 207 598
362 204 596
360 200 594
358 196 592
356 192 591
353 188 589
351 184 587
349 180 585
347 176 583
345 172 581
343 168 579
341 164 577
339 160 575
337 156 573
334 152 571
332 147 569
330 143 568
328 139 566
325 135 564
323 130 562
321 126 560
318 122 558
316 117 556
313 113 553
311 108 551
308 104 549
306 99 547
303 94 545
301 89 543
298 85 541
296 80 538
