424 4 126
433 6 128
442 9 129
450 12 130
459 15 132
468 17 133
476 20 134
485 23 136
494 26 137
503 29 139
512 31 140
520 34 142
529 37 143
538 40 144
547 43 146
556 46 147
565 48 149
574 51 150
582 54 151
591 57 153
600 60 154
609 63 156
618 66 157
627 68 159
636 71 160
645 74 161
654 77 163
663 80 164
672 83 166
680 86 167
689 88 169
698 91 170
707 94 171
715 101 174
722 111 180
727 123 185
733 134 190
739 145 196
744 156 201
749 167 206
755 178 211
760 188 216
765 198 221
770 208 225
775 218 230
780 228 235
785 238 239
789 247 244
794 257 248
799 266 253
804 275 257
808 284 261
813 294 266
817 303 270
822 312 274
826 321 278
831 330 283
835 338 287
840 347 291
844 356 295
848 365 299
853 374 303
857 382 308
861 391 313
865 400 320
869 409 327
873 417 334
876 426 340
880 435 347
884 444 354
888 452 360
891 461 367
895 469 374
899 478 380
903 487 387
906 495 393
910 504 400
914 512 407
918 521 413
921 529 420
925 538 426
929 547 433
932 555 439
936 564 446
940 572 453
944 581 459
947 589 466
951 598 472
955 606 479
958 615 485
962 624 492
966 632 499
970 641 505
973 649 512
977 658 519
980 667 528
981 677 540
983 686 552
984 696 565
986 705 577
988 715 589
989 724 601
991 734 613
992 743 625
994 752 637
996 762 649
997 771 661
999 781 674
1000 790 686
1002 800 698
1003 809 710
1005 819 722
1007 828 734
1008 838 746
1010 848 759
1011 857 771
1013 867 783
1015 876 795
1013 887 812
1011 898 831
1009 908 849
1006 919 868
1004 930 886
1002 941 905
999 951 923
997 962 941
995 973 959
993 983 978
981 986 989
968 980 987
955 974 984
942 968 982
929 962 980
916 956 977
904 950 975
891 944 972
878 937 970
865 931 968
853 925 965
840 919 963
828 913 960
816 907 956
804 901 953
792 895 950
781 889 946
769 883 943
757 877 940
745 871 936
734 866 933
722 860 930
711 854 926
699 848 923
687 842 920
676 836 916
664 830 913
653 824 910
642 819 907
630 813 903
619 807 900
607 801 897
596 796 894
585 790 890
575 784 887
565 778 884
556 771 880
546 765 877
537 759 874
527 753 871
517 747 867
508 741 864
498 735 861
489 729 857
479 723 854
470 717 851
460 711 848
451 705 845
442 699 841
432 693 838
423 687 835
413 681 832
404 675 828
395 669 825
385 663 822
376 658 819
367 652 816
357 646 813
348 640 809
339 634 806
329 628 803
320 622 800
311 616 797
301 610 793
292 604 790
283 599 787
273 593 784
266 586 781
261 580 777
256 573 774
252 567 771
247 560 767
242 554 764
237 547 761
232 541 757
227 535 754
222 528 751
217 522 748
213 515 744
208 509 741
203 503 738
198 496 734
193 490 731
188 483 728
184 477 725
179 471 721
174 464 718
169 458 715
164 452 712
160 445 708
155 439 705
150 433 702
145 426 699
141 420 696
136 414 692
132 408 687
129 402 680
126 396 672
123 390 664
120 385 656
117 379 648
114 373 640
111 368 633
108 362 625
105 357 617
102 351 609
99 345 601
96 340 593
93 334 586
91 328 578
88 323 570
85 317 562
82 312 555
79 306 547
76 301 539
73 295 531
70 289 524
67 284 516
64 278 508
62 273 500
59 267 493
56 261 485
53 256 477
50 250 469
47 245 461
44 239 454
41 233 446
38 228 438
