413 0 124
422 3 126
431 6 127
439 8 129
448 11 130
457 14 131
466 17 133
474 20 134
483 22 136
492 25 137
501 28 138
510 31 140
519 34 141
528 37 143
537 39 144
545 42 146
554 45 147
563 48 148
572 51 150
581 54 151
590 57 153
599 60 154
608 62 156
617 65 157
626 68 158
635 71 160
644 74 161
653 77 163
662 80 164
671 83 166
680 86 167
689 88 169
699 91 170
708 94 171
716 101 175
722 112 180
728 124 185
733 135 191
739 146 196
745 157 201
750 168 206
755 179 211
761 189 216
766 199 221
771 210 226
776 220 231
781 229 235
786 239 240
790 249 245
795 258 249
800 268 253
805 277 258
809 286 262
814 296 267
818 305 271
823 314 275
827 323 280
832 332 284
836 341 288
841 350 292
845 359 296
850 368 301
854 376 305
859 385 309
862 394 316
866 403 323
870 412 329
874 421 336
878 429 343
882 438 350
885 447 356
889 456 363
893 465 370
897 473 377
901 482 383
904 491 390
908 499 397
912 508 403
916 517 410
919 525 416
923 534 423
927 542 430
931 551 436
934 560 443
938 568 450
942 577 456
946 586 463
949 594 470
953 603 476
957 612 483
961 620 489
965 629 496
968 638 503
972 646 509
976 655 516
979 664 525
981 674 536
982 683 549
984 693 561
986 702 573
987 712 585
989 721 598
990 731 610
992 741 622
994 750 634
995 760 647
997 769 659
998 779 671
1000 789 683
1002 798 695
1003 808 708
1005 817 720
1006 827 732
1008 837 745
1010 846 757
1011 856 769
1013 866 782
1014 875 794
1013 886 811
1011 897 829
1009 908 848
1006 918 867
1004 929 885
1002 940 904
999 951 922
997 962 941
995 972 959
993 983 978
981 986 989
968 980 987
955 974 984
942 968 982
929 961 979
916 955 977
903 949 975
890 943 972
877 937 970
864 931 968
851 925 965
839 919 963
826 913 959
814 906 956
802 900 953
791 894 949
779 888 946
767 882 942
755 876 939
743 870 936
731 864 932
720 858 929
708 852 926
696 846 922
685 841 919
673 835 916
661 829 912
650 823 909
638 817 906
627 811 902
615 805 899
604 799 896
592 794 892
582 788 889
572 781 886
562 775 882
552 769 879
542 763 876
533 757 872
523 751 869
513 745 866
504 738 863
494 732 859
485 726 856
475 720 853
465 714 849
456 708 846
446 702 843
437 696 840
427 690 836
418 684 833
408 678 830
399 672 827
389 666 824
380 660 820
371 654 817
361 648 814
352 642 811
342 636 807
333 630 804
324 624 801
314 618 798
305 612 795
295 606 791
286 601 788
276 595 785
268 589 782
263 582 778
258 575 775
253 569 772
248 562 768
243 556 765
238 549 762
233 543 758
228 536 755
223 530 752
218 523 748
214 517 745
209 510 742
204 504 738
199 497 735
194 491 732
189 484 728
184 478 725
179 472 722
175 465 719
170 459 715
165 452 712
160 446 709
155 439 705
150 433 702
146 427 699
141 420 696
136 414 692
132 408 687
129 402 680
126 396 672
123 390 664
120 385 656
117 379 648
114 373 640
111 368 632
108 362 624
105 356 616
102 350 608
99 345 601
96 339 593
93 333 585
90 328 577
87 322 569
84 317 561
81 311 553
78 305 546
76 300 538
73 294 530
70 288 522
67 283 514
64 277 506
61 271 499
58 266 491
55 260 483
52 254 475
49 249 467
46 243 459
43 237 451
40 232 444
37 226 436
34 220 428
