413 0 124
422 3 126
431 6 127
440 9 129
449 12 130
458 14 132
467 17 133
476 20 134
486 23 136
495 26 137
504 29 139
513 32 140
522 35 142
532 38 143
541 41 145
550 44 146
560 47 148
569 50 149
578 53 151
587 56 152
597 59 154
606 62 155
615 65 157
625 68 158
634 71 160
643 74 161
653 77 163
662 80 164
671 83 166
681 86 167
690 89 169
699 92 170
709 95 172
717 102 175
723 114 181
729 126 187
735 138 192
741 150 198
746 161 203
752 172 208
757 183 213
763 194 218
768 204 223
773 215 228
778 225 233
783 235 238
788 245 243
793 255 247
798 265 252
803 275 257
808 284 261
813 294 266
818 303 270
822 313 275
827 322 279
832 331 284
836 341 288
841 350 292
845 359 297
850 368 301
855 377 305
859 386 310
863 396 317
867 405 324
871 414 331
875 423 338
879 432 345
883 441 352
887 450 359
891 459 366
895 469 373
899 478 380
903 487 387
906 495 394
910 504 401
914 513 407
918 522 414
922 531 421
926 540 428
930 549 435
934 558 442
938 567 449
941 576 455
945 585 462
949 594 469
953 603 476
957 612 483
961 621 490
965 630 497
969 639 504
973 648 511
977 657 518
980 666 527
981 676 540
983 686 552
985 696 565
986 706 578
988 716 590
990 726 603
991 736 616
993 746 628
994 755 641
996 765 654
998 775 666
999 785 679
1001 795 692
1003 805 704
1004 815 717
1006 825 730
1008 835 743
1009 845 755
1011 855 768
1013 865 781
1014 875 794
1015 885 809
1016 895 824
1016 906 840
1017 916 857
1018 926 873
1018 937 889
1019 947 905
1019 957 921
1020 968 937
1020 978 953
1021 989 969
1022 999 986
1022 1009 1002
1023 1020 1018
1021 1021 1021
1012 1012 1012
1004 1004 1004
996 996 996
988 988 988
980 980 980
972 972 972
964 964 964
956 956 956
948 948 948
940 940 940
932 932 932
924 924 924
917 917 917
909 909 909
901 901 901
894 894 894
886 886 886
879 879 879
871 871 871
864 864 864
856 856 856
849 849 849
842 842 842
834 834 834
827 827 827
820 820 820
813 813 813
806 806 806
799 799 799
791 791 791
784 784 784
777 777 777
771 771 771
764 764 764
757 757 757
750 750 750
743 743 743
736 736 736
729 729 729
723 723 723
716 716 716
709 709 709
703 703 703
696 696 696
689 689 689
683 683 683
676 676 676
670 670 670
663 663 663
657 657 657
650 650 650
644 644 644
638 638 638
631 631 631
625 625 625
619 619 619
612 612 612
606 606 606
600 600 600
594 594 594
588 588 588
581 581 581
575 575 575
569 569 569
563 563 563
557 557 557
551 551 551
545 545 545
539 539 539
533 533 533
527 527 527
521 521 521
515 515 515
509 509 509
503 503 503
497 497 497
492 492 492
486 486 486
480 480 480
474 474 474
468 468 468
462 462 462
457 457 457
451 451 451
445 445 445
439 439 439
434 434 434
428 428 428
422 422 422
417 417 417
411 411 411
405 405 405
400 400 400
394 394 394
389 389 389
383 383 383
377 377 377
372 372 372
366 366 366
361 361 361
355 355 355
350 350 350
344 344 344
339 339 339
333 333 333
328 328 328
322 322 322
317 317 317
311 311 311
306 306 306
300 300 300
295 295 295
289 289 289
284 284 284
278 278 278
273 273 273
267 267 267
262 262 262
256 256 256
251 251 251
245 245 245
240 240 240
234 234 234
229 229 229
224 224 224
218 218 218
213 213 213
