424 4 126
433 6 128
442 9 129
451 12 130
460 15 132
469 18 133
478 21 135
487 24 136
496 27 138
505 29 139
514 32 141
523 35 142
533 38 143
542 41 145
551 44 146
560 47 148
569 50 149
578 53 151
587 56 152
597 59 154
606 62 155
615 65 157
624 68 158
633 70 160
643 73 161
652 76 163
661 79 164
670 82 165
679 85 167
689 88 168
698 91 170
707 94 171
715 101 175
722 112 180
728 124 185
734 135 191
739 147 196
745 158 202
751 169 207
756 180 212
761 191 217
766 201 222
772 211 227
777 221 232
782 232 236
787 241 241
792 251 246
796 261 250
801 271 255
806 280 259
811 290 264
815 299 268
820 308 273
825 318 277
829 327 281
834 336 286
839 345 290
843 354 294
848 363 299
852 372 303
857 381 307
861 390 313
865 399 320
869 408 327
873 417 334
877 426 341
880 435 348
884 444 354
888 453 361
892 462 368
896 471 375
900 480 382
904 489 389
907 498 395
911 507 402
915 515 409
919 524 416
923 533 423
927 542 429
930 551 436
934 559 443
938 568 450
942 577 456
946 586 463
950 595 470
953 604 477
957 612 483
961 621 490
965 630 497
969 639 504
973 648 511
977 657 518
980 666 527
981 676 539
983 686 552
984 695 564
986 705 577
988 715 589
989 725 602
991 735 614
993 744 627
994 754 639
996 764 652
997 774 664
999 783 677
1001 793 689
1002 803 702
1004 813 714
1006 823 727
1007 832 739
1009 842 752
1011 852 765
1012 862 777
1014 872 790
1015 882 803
1016 892 819
1016 902 835
1017 912 851
1017 922 867
1018 933 882
1019 943 898
1019 953 914
1020 963 930
1020 974 946
1021 984 962
1021 994 978
1022 1004 994
1023 1015 1010
1016 1016 1016
1008 1008 1008
1000 1000 1000
992 992 992
984 984 984
976 976 976
968 968 968
960 960 960
953 953 953
945 945 945
937 937 937
929 929 929
922 922 922
914 914 914
907 907 907
899 899 899
892 892 892
884 884 884
877 877 877
869 869 869
862 862 862
855 855 855
848 848 848
840 840 840
833 833 833
826 826 826
819 819 819
812 812 812
805 805 805
798 798 798
791 791 791
784 784 784
777 777 777
770 770 770
763 763 763
757 757 757
750 750 750
743 743 743
736 736 736
730 730 730
723 723 723
716 716 716
710 710 710
703 703 703
697 697 697
690 690 690
684 684 684
677 677 677
671 671 671
665 665 665
658 658 658
652 652 652
645 645 645
639 639 639
633 633 633
627 627 627
620 620 620
614 614 614
608 608 608
602 602 602
596 596 596
590 590 590
584 584 584
578 578 578
572 572 572
566 566 566
560 560 560
554 554 554
548 548 548
542 542 542
536 536 536
530 530 530
524 524 524
518 518 518
512 512 512
506 506 506
501 501 501
495 495 495
489 489 489
483 483 483
478 478 478
472 472 472
466 466 466
460 460 460
455 455 455
449 449 449
443 443 443
438 438 438
432 432 432
427 427 427
421 421 421
415 415 415
410 410 410
404 404 404
399 399 399
393 393 393
388 388 388
382 382 382
377 377 377
371 371 371
366 366 366
360 360 360
355 355 355
349 349 349
344 344 344
338 338 338
333 333 333
327 327 327
322 322 322
317 317 317
311 311 311
306 306 306
300 300 300
295 295 295
290 290 290
284 284 284
279 279 279
273 273 273
268 268 268
263 263 263
257 257 257
252 252 252
246 246 246
241 241 241
236 236 236
230 230 230
225 225 225
219 219 219
