1023 991 975
1023 986 970
1022 980 965
1022 975 960
1021 970 955
1021 965 950
1020 959 945
1020 954 940
1019 949 935
1019 944 930
1018 939 925
1018 933 920
1018 928 915
1017 923 910
1017 918 905
1016 913 900
1016 908 895
1015 902 890
1015 897 885
1015 892 880
1015 887 874
1014 882 868
1014 876 863
1014 871 857
1014 866 852
1014 861 846
1013 856 840
1013 850 835
1013 845 829
1013 840 824
1013 835 818
1012 830 813
1012 825 807
1012 819 801
1012 814 796
1012 809 790
1011 804 785
1011 799 779
1011 793 774
1011 788 770
1011 783 768
1010 777 766
1010 771 765
1010 766 763
1009 760 762
1009 755 760
1009 749 758
1008 743 757
1008 738 755
1008 732 753
1008 727 752
1007 721 750
1007 715 749
1007 710 747
1006 704 745
1006 698 744
1006 693 742
1006 687 740
1005 681 739
1005 676 737
1005 670 735
1004 664 734
1004 658 732
1004 653 730
1003 647 729
1003 641 727
1003 635 725
1002 630 723
1002 624 721
1002 618 719
1002 612 717
1001 606 715
1001 601 713
1001 595 710
1000 589 708
1000 583 706
1000 577 704
999 571 702
999 565 700
999 559 697
998 553 695
998 547 693
998 541 691
997 535 689
997 528 686
997 522 684
996 516 682
996 510 680
996 503 677
995 497 675
995 491 673
995 484 670
994 478 668
994 471 666
993 465 663
993 458 661
993 451 658
992 445 656
992 438 653
992 431 651
991 424 648
990 418 646
988 412 645
986 407 644
983 402 643
981 397 642
978 392 641
976 387 640
973 382 639
971 377 638
968 372 637
966 367 636
963 362 635
961 357 634
958 352 633
956 347 632
953 342 631
951 337 630
948 331 629
945 326 628
943 321 627
940 316 626
938 311 625
935 305 624
932 300 623
930 295 622
927 289 621
924 284 620
922 279 619
919 273 618
916 268 617
913 262 616
911 257 615
908 251 614
905 246 613
902 240 612
899 234 611
897 229 610
894 223 609
891 217 607
888 211 606
885 207 605
881 203 603
877 199 601
874 195 599
870 191 597
866 187 595
863 183 593
859 179 591
855 175 589
851 170 587
848 166 585
844 162 583
840 158 581
836 154 579
833 150 577
829 146 575
825 142 573
821 138 571
818 134 569
814 130 567
810 125 565
806 121 563
802 117 561
798 113 559
794 109 557
791 104 555
787 100 553
783 96 550
779 92 548
775 87 546
771 83 544
767 79 542
763 74 540
759 70 538
755 66 536
751 61 533
747 57 531
742 52 529
738 48 527
734 43 525
730 39 522
726 34 520
722 30 518
717 25 516
713 21 514
709 16 511
705 12 509
701 7 507
697 5 506
692 4 505
687 4 504
682 4 503
677 4 503
672 4 502
667 4 501
662 4 501
657 4 500
652 4 499
647 4 499
642 4 498
637 4 497
632 4 497
627 4 496
622 4 495
616 4 495
611 4 494
606 4 493
601 4 492
596 4 492
591 4 491
586 4 490
581 4 490
576 4 489
571 4 488
566 4 488
561 4 487
556 4 486
551 4 486
546 4 485
541 4 484
536 4 484
531 4 483
526 4 482
521 4 482
516 4 481
511 4 480
506 4 480
501 4 479
496 4 478
490 4 478
485 4 476
481 4 475
476 4 474
471 4 472
466 4 471
461 3 470
456 3 468
451 3 467
446 3 466
441 3 465
436 3 463
431 3 462
426 3 461
421 3 459
416 3 458
411 2 457
406 2 455
401 2 454
396 2 453
391 2 451
386 2 450
381 2 449
376 2 447
371 2 446
365 1 444
