1023 991 975
1023 985 970
1022 980 964
1022 974 959
1021 969 954
1021 963 948
1020 958 943
1020 952 938
1019 947 933
1019 941 927
1018 936 922
1018 930 917
1017 925 912
1017 919 906
1016 914 901
1016 909 896
1015 903 891
1015 898 886
1015 892 880
1015 887 874
1014 881 868
1014 876 862
1014 870 856
1014 865 850
1014 859 844
1013 854 838
1013 848 833
1013 843 827
1013 837 821
1013 832 815
1012 826 809
1012 821 803
1012 816 797
1012 810 791
1011 805 786
1011 799 780
1011 794 774
1011 788 770
1011 782 768
1010 776 766
1010 770 764
1010 765 763
1009 759 761
1009 753 759
1009 747 758
1008 741 756
1008 735 754
1008 729 753
1007 723 751
1007 717 749
1007 711 747
1006 705 746
1006 699 744
1006 693 742
1006 687 740
1005 681 739
1005 675 737
1005 669 735
1004 663 733
1004 657 732
1004 651 730
1003 645 728
1003 639 726
1003 633 724
1002 627 722
1002 621 720
1002 615 718
1001 608 715
1001 602 713
1001 596 711
1000 590 709
1000 584 706
1000 577 704
999 571 702
999 565 700
999 558 697
998 552 695
998 546 693
998 539 690
997 533 688
997 526 686
996 520 683
996 513 681
996 506 678
995 500 676
995 493 673
995 486 671
994 479 669
994 473 666
994 466 663
993 459 661
993 452 658
992 445 656
992 437 653
992 430 651
991 423 648
990 416 646
988 411 645
985 406 644
982 400 643
980 395 642
977 390 641
975 385 640
972 379 639
969 374 638
967 369 637
964 363 636
961 358 635
959 353 633
956 347 632
953 342 631
950 336 630
948 331 629
945 325 628
942 320 627
940 314 626
937 309 625
934 303 624
931 298 623
928 292 622
926 287 621
923 281 620
920 275 619
917 269 617
914 264 616
911 258 615
908 252 614
905 246 613
902 240 612
899 234 611
896 228 610
893 222 608
890 216 607
887 210 606
884 205 604
880 201 602
876 197 600
872 193 598
868 189 596
864 184 594
860 180 592
856 176 590
852 172 588
849 167 586
845 163 583
841 159 581
837 154 579
833 150 577
829 146 575
825 141 573
821 137 571
817 133 569
813 128 566
809 124 564
805 120 562
800 115 560
796 111 558
792 106 556
788 102 553
784 97 551
780 93 549
776 88 547
772 84 545
767 79 542
763 75 540
759 70 538
755 65 536
750 61 533
746 56 531
742 51 529
737 47 526
733 42 524
728 37 522
724 32 519
720 27 517
715 23 515
711 18 512
707 13 510
702 9 508
698 5 506
693 4 505
687 4 504
682 4 503
677 4 503
672 4 502
666 4 501
661 4 500
656 4 500
650 4 499
645 4 498
640 4 498
635 4 497
629 4 496
624 4 496
619 4 495
613 4 494
608 4 493
603 4 493
598 4 492
592 4 491
587 4 491
582 4 490
576 4 489
571 4 488
566 4 488
560 4 487
555 4 486
550 4 486
545 4 485
539 4 484
534 4 483
529 4 483
523 4 482
518 4 481
513 4 481
507 4 480
502 4 479
496 4 478
491 4 478
486 4 476
481 4 475
475 4 474
470 4 472
465 4 471
460 3 470
455 3 468
449 3 467
444 3 465
439 3 464
434 3 463
428 3 461
423 3 460
418 3 458
413 2 457
407 2 456
402 2 454
397 2 453
391 2 451
386 2 450
381 2 449
375 2 447
370 2 446
365 1 444
359 1 443
354 1 441
348 1 440
343 1 439
337 1 437
332 1 436
326 1 434
321 1 433
315 0 431
310 0 430
304 0 428
299 0 427
293 0 425
