662 0 152
669 6 153
675 13 153
682 19 153
689 26 153
696 33 153
703 39 153
710 46 153
717 52 154
723 59 154
730 66 154
737 72 154
743 78 154
750 85 154
757 91 154
763 97 154
770 104 155
776 110 155
783 116 155
789 122 155
795 128 155
802 134 155
808 140 155
814 146 156
821 152 156
827 158 156
833 164 156
840 170 156
846 176 156
852 182 156
858 188 156
864 196 158
868 204 162
872 214 166
877 223 170
881 231 174
885 240 178
889 249 182
893 258 186
898 266 190
902 275 194
906 283 198
910 291 202
913 300 206
917 308 209
921 316 213
925 324 217
929 332 221
933 340 224
936 348 228
940 356 232
944 364 235
948 372 239
951 380 242
955 387 246
959 395 249
963 403 253
966 411 257
970 418 260
973 426 264
977 433 267
980 442 271
981 452 276
982 462 280
984 471 285
985 481 289
986 490 293
988 500 298
989 509 302
990 518 306
991 528 310
993 537 315
994 546 319
995 555 323
996 564 327
998 573 331
999 582 335
1000 590 339
1001 599 344
1003 608 348
1004 617 352
1005 626 356
1006 634 360
1007 643 364
1009 652 368
1010 660 372
1011 669 376
1012 677 380
1013 686 384
1014 695 388
1015 703 394
1015 712 402
1015 721 411
1016 730 419
1016 739 427
1016 748 436
1016 756 444
1016 765 452
1016 774 460
1017 783 469
1017 791 477
1017 800 485
1017 809 493
1017 817 501
1018 826 509
1018 835 518
1018 843 526
1018 852 534
1018 861 542
1018 869 550
1019 878 558
1019 887 566
1019 895 574
1019 904 585
1019 912 598
1020 920 611
1020 929 623
1020 937 636
1020 945 648
1021 954 661
1021 962 674
1021 970 686
1022 979 699
1022 987 712
1022 995 724
1022 1004 737
1023 1012 750
1023 1021 763
1019 1021 774
1004 1016 802
988 1010 830
973 1004 858
957 998 887
942 992 916
926 985 945
909 979 975
895 973 994
885 968 991
874 963 988
864 958 985
854 953 982
843 948 979
833 943 976
823 938 973
813 933 971
803 928 968
792 923 965
782 918 962
772 913 959
762 908 956
752 903 953
742 898 951
732 893 948
722 888 945
712 883 942
702 879 939
692 874 937
684 869 934
677 863 931
670 857 928
663 852 925
656 846 921
649 841 918
642 835 915
635 830 912
628 824 909
621 819 906
614 813 903
608 808 900
601 802 898
594 797 895
587 792 892
581 786 889
574 781 886
567 775 883
561 770 880
554 765 877
547 760 874
541 754 871
534 749 868
527 744 866
521 738 863
514 733 860
508 728 857
501 723 854
495 718 851
488 712 849
482 707 846
476 702 843
469 697 840
463 692 837
459 686 834
454 681 832
450 675 829
445 670 826
440 664 823
436 659 820
431 653 817
427 648 815
422 643 812
418 637 809
413 632 806
409 626 803
404 621 801
400 616 798
395 610 795
391 605 792
386 600 790
382 594 787
377 589 784
373 584 781
369 579 779
364 573 776
360 568 773
355 563 771
351 558 768
347 553 765
342 547 762
338 542 760
334 537 757
329 532 754
325 527 752
321 522 749
316 516 746
312 511 744
308 506 741
303 501 738
299 496 736
295 491 733
290 486 731
286 481 728
282 475 725
279 470 723
276 465 720
274 459 717
272 454 714
270 448 712
268 443 709
267 437 706
265 431 703
263 426 701
261 420 698
259 415 695
258 409 693
256 404 690
254 398 687
252 393 684
251 387 682
249 381 679
247 376 676
245 370 673
244 365 671
242 359 668
240 353 665
238 348 662
236 342 660
