662 0 152
669 6 153
675 13 153
682 19 153
689 26 153
696 33 153
703 39 153
710 46 153
716 52 154
723 59 154
730 65 154
737 72 154
743 78 154
750 84 154
756 91 154
763 97 154
769 103 155
776 109 155
782 115 155
789 122 155
795 128 155
801 134 155
808 140 155
814 146 155
820 152 156
826 158 156
833 164 156
839 170 156
845 176 156
851 182 156
857 188 156
863 195 158
868 203 161
872 212 166
876 221 170
880 230 174
885 239 178
889 248 182
893 256 186
897 265 190
901 273 194
905 282 197
909 290 201
913 298 205
917 306 209
921 315 212
924 323 216
928 331 220
932 339 224
936 347 227
940 355 231
943 362 234
947 370 238
951 378 242
954 386 245
958 393 249
962 401 252
965 409 256
969 416 259
973 424 263
976 432 266
979 440 270
981 450 275
982 459 279
983 469 283
985 479 288
986 488 292
987 497 296
988 507 301
990 516 305
991 525 309
992 534 313
994 543 318
995 552 322
996 561 326
997 570 330
998 579 334
1000 588 338
1001 597 342
1002 605 346
1003 614 350
1005 623 354
1006 631 358
1007 640 362
1008 649 366
1009 657 370
1011 666 374
1012 675 378
1013 683 382
1014 692 386
1015 700 391
1015 709 398
1015 718 406
1016 727 413
1016 736 421
1016 745 428
1016 753 436
1016 762 443
1016 771 450
1017 780 458
1017 788 465
1017 797 472
1017 806 480
1017 814 487
1017 823 494
1018 832 502
1018 841 509
1018 849 516
1018 858 523
1018 867 531
1019 875 538
1019 884 545
1019 893 553
1019 901 562
1019 909 576
1020 918 589
1020 926 603
1020 934 617
1020 942 631
1021 950 645
1021 959 658
1021 967 672
1021 975 686
1022 983 700
1022 992 714
1022 1000 727
1023 1008 741
1023 1016 755
1015 1020 755
1005 1015 741
994 1011 727
984 1007 713
974 1002 699
964 998 685
953 994 671
943 989 657
933 985 643
923 981 630
913 977 616
903 972 602
893 968 588
883 964 574
873 960 561
862 955 552
852 951 546
842 946 539
831 942 532
821 937 526
811 933 519
800 929 512
790 924 506
780 920 499
770 915 492
759 911 486
749 906 479
739 902 473
729 898 466
719 893 459
709 889 453
699 885 446
688 880 440
678 876 433
668 872 427
658 867 424
648 863 423
637 858 422
627 854 421
617 849 420
606 844 419
596 840 418
586 835 416
576 831 415
565 826 414
555 822 413
545 818 412
534 813 411
524 809 410
514 804 409
504 800 407
493 795 406
483 791 405
473 786 404
462 782 403
452 777 402
442 772 401
431 768 400
421 763 398
411 759 397
401 754 395
392 750 393
382 745 390
373 740 388
363 736 386
354 731 383
344 727 381
335 722 379
325 717 376
315 713 374
306 708 371
296 703 369
287 699 367
277 694 364
267 689 362
258 684 359
248 680 357
238 675 354
229 670 352
219 666 350
209 661 347
199 656 345
189 651 342
180 646 340
170 642 337
160 637 335
150 632 332
140 627 330
130 622 327
120 617 325
110 612 322
104 607 320
100 602 317
97 597 314
94 591 311
91 586 309
89 581 306
86 575 303
83 570 300
80 565 298
77 560 295
74 554 292
72 549 289
69 544 287
66 539 284
63 534 281
60 529 279
57 523 276
55 518 273
52 513 271
49 508 268
46 503 265
44 498 263
41 493 260
38 487 257
35 482 255
32 477 252
30 472 249
27 467 247
24 462 244
22 457 241
19 452 239
16 447 236
13 442 233
11 437 231
8 432 228
5 427 226
3 422 223
