671 8 153
677 15 153
684 21 153
691 28 153
698 34 153
705 41 153
711 48 153
718 54 154
725 60 154
732 67 154
738 73 154
745 80 154
751 86 154
758 92 154
764 98 154
771 104 155
777 111 155
784 117 155
790 123 155
796 129 155
802 135 155
809 141 155
815 147 156
821 153 156
827 159 156
834 165 156
840 171 156
846 177 156
852 182 156
858 188 156
864 196 158
868 204 162
872 213 166
877 222 170
881 231 174
885 240 178
889 248 182
893 257 186
897 265 190
901 274 194
905 282 198
909 290 201
913 299 205
917 307 209
921 315 213
924 323 216
928 331 220
932 339 224
936 347 227
940 354 231
943 362 234
947 370 238
951 378 241
954 386 245
958 393 249
962 401 252
965 408 256
969 416 259
972 424 263
976 431 266
979 439 270
980 449 274
982 459 279
983 468 283
984 478 287
986 487 292
987 496 296
988 506 300
990 515 305
991 524 309
992 533 313
993 542 317
995 551 321
996 560 325
997 569 329
998 577 333
999 586 338
1001 595 342
1002 604 346
1003 612 350
1004 621 354
1006 630 358
1007 638 362
1008 647 366
1009 655 369
1010 664 373
1011 672 377
1013 681 381
1014 689 385
1015 698 390
1015 707 396
1015 716 404
1016 724 411
1016 733 419
1016 742 426
1016 751 433
1016 759 441
1016 768 448
1017 777 455
1017 786 463
1017 794 470
1017 803 477
1017 812 484
1017 820 492
1018 829 499
1018 837 506
1018 846 513
1018 855 521
1018 863 528
1018 872 535
1019 880 542
1019 889 550
1019 898 557
1019 906 570
1019 914 584
1020 922 597
1020 930 611
1020 939 625
1021 947 638
1021 955 652
1021 963 666
1021 971 680
1022 979 693
1022 988 707
1022 996 721
1022 1004 735
1023 1012 748
1023 1021 762
1020 1022 762
1010 1017 748
1000 1013 734
989 1009 720
979 1005 706
969 1000 692
959 996 679
949 992 665
939 988 651
929 983 637
919 979 623
909 975 610
899 971 596
889 966 582
879 962 569
869 958 556
858 953 550
848 949 543
838 945 536
827 940 530
817 936 523
807 931 516
797 927 510
786 923 503
776 918 497
766 914 490
756 909 483
746 905 477
736 901 470
726 896 464
716 892 457
706 888 451
695 883 444
685 879 438
675 875 431
665 870 426
655 866 424
645 861 423
635 857 422
624 852 421
614 848 420
604 843 418
594 839 417
583 834 416
573 830 415
563 826 414
553 821 413
543 817 412
532 812 411
522 808 410
512 803 408
502 799 407
492 794 406
481 790 405
471 785 404
461 781 403
451 776 402
440 772 401
430 767 399
420 763 398
410 758 397
400 754 395
391 749 393
381 745 390
372 740 388
362 735 385
353 731 383
343 726 381
334 722 378
324 717 376
315 712 374
305 708 371
296 703 369
286 698 366
277 694 364
267 689 362
258 684 359
248 680 357
238 675 354
229 670 352
219 666 350
209 661 347
200 656 345
190 651 342
180 647 340
170 642 337
160 637 335
150 632 332
140 627 330
130 622 327
120 618 325
110 613 322
104 608 320
100 602 317
97 597 314
95 592 312
92 587 309
89 581 306
86 576 303
83 571 301
80 566 298
78 560 295
75 555 293
72 550 290
69 545 287
66 540 284
64 535 282
61 529 279
58 524 276
55 519 274
52 514 271
50 509 268
47 504 266
44 499 263
41 494 260
39 489 258
36 484 255
33 478 253
30 473 250
28 468 247
25 463 245
22 458 242
20 453 239
17 448 237
14 443 234
11 438 232
9 433 229
6 428 226
