813 145 155
818 150 156
823 155 156
828 160 156
833 164 156
838 169 156
843 174 156
849 179 156
854 184 156
859 189 156
863 195 158
867 202 161
871 210 164
874 217 168
878 224 171
881 232 174
885 239 178
888 246 181
891 253 184
895 260 188
898 267 191
901 274 194
905 281 197
908 288 200
911 295 203
914 302 207
918 308 210
921 315 213
924 322 216
927 328 219
930 335 222
933 341 225
936 348 228
940 355 231
943 361 234
946 367 237
949 374 240
952 380 243
955 387 246
958 393 248
961 399 251
964 406 254
967 412 257
970 418 260
973 425 263
976 431 266
979 437 269
980 445 272
981 453 276
982 461 280
983 469 283
984 477 287
985 485 291
987 493 294
988 500 298
989 508 301
990 516 305
991 523 308
992 531 312
993 538 315
994 546 319
995 553 322
996 560 326
997 568 329
998 575 332
999 582 336
1000 590 339
1001 597 342
1002 604 346
1003 611 349
1004 618 352
1005 626 356
1006 633 359
1007 640 362
1008 647 366
1009 654 369
1010 661 372
1011 668 375
1012 675 379
1013 682 382
1014 689 385
1015 697 389
1015 704 395
1015 711 401
1015 718 408
1016 726 415
1016 733 422
1016 740 429
1016 747 435
1016 755 442
1016 762 449
1016 769 456
1017 776 462
1017 783 469
1017 790 476
1017 798 483
1017 805 489
1017 812 496
1017 819 503
1018 826 509
1018 833 516
1018 840 523
1018 847 529
1018 854 536
1018 862 543
1018 869 550
1019 876 556
1019 883 563
1019 890 570
1019 897 576
1019 904 586
1019 911 596
1020 918 607
1020 924 617
1020 931 627
1020 938 638
1020 945 648
1021 952 658
1021 959 669
1021 966 679
1021 972 689
1022 979 700
1022 986 710
1022 993 721
1022 1000 731
1022 1007 742
1023 1014 752
1023 1021 763
1019 1021 774
1006 1017 797
994 1012 820
981 1007 843
969 1002 866
956 997 890
943 992 914
930 987 938
916 982 962
903 976 987
893 972 993
884 968 991
876 964 988
867 959 986
859 955 984
850 951 981
842 947 979
834 943 976
825 939 974
817 935 972
808 931 969
800 927 967
792 922 965
783 918 962
775 914 960
767 910 958
759 906 955
750 902 953
742 898 951
734 894 948
726 890 946
718 886 944
710 882 941
701 878 939
693 874 937
686 870 934
680 865 932
674 861 929
668 856 927
662 852 924
657 847 922
651 843 919
645 838 917
640 833 914
634 829 912
628 824 910
623 820 907
617 815 905
612 811 902
606 806 900
600 802 897
595 798 895
589 793 893
584 789 890
578 784 888
573 780 885
567 776 883
562 771 881
556 767 878
551 762 876
545 758 873
540 754 871
535 749 869
529 745 866
524 741 864
518 737 862
513 732 859
508 728 857
502 724 855
497 719 852
492 715 850
486 711 848
481 707 845
476 702 843
471 698 841
465 694 838
462 689 836
458 685 834
454 680 831
450 676 829
446 671 827
443 667 824
439 662 822
435 658 820
431 653 817
428 649 815
424 645 813
420 640 811
416 636 808
413 631 806
409 627 804
405 623 801
402 618 799
398 614 797
394 609 795
391 605 792
387 601 790
383 596 788
380 592 786
376 588 783
372 583 781
369 579 779
365 575 777
362 570 774
358 566 772
354 562 770
351 558 768
347 553 766
344 549 763
340 545 761
336 540 759
333 536 757
329 532 755
326 528 752
322 523 750
319 519 748
315 515 746
312 511 744
308 507 741
305 502 739
301 498 737
297 494 735
294 490 733
290 486 731
287 481 728
283 477 726
280 473 724
278 469 722
