1023 983 963
1023 978 956
1023 973 948
1022 968 941
1022 963 934
1022 958 927
1022 953 919
1021 947 912
1021 942 905
1021 937 898
1021 932 891
1020 927 884
1020 922 876
1020 917 869
1020 912 862
1019 907 855
1019 902 848
1019 897 841
1019 892 834
1018 887 827
1018 882 821
1018 877 814
1018 872 807
1017 867 801
1017 862 794
1017 857 787
1016 852 781
1016 847 774
1016 842 767
1016 837 761
1015 832 754
1015 827 747
1015 822 741
1015 817 734
1014 812 728
1014 807 721
1014 802 714
1013 797 708
1013 792 701
1013 787 694
1013 782 688
1012 777 681
1012 772 674
1012 767 668
1012 762 661
1011 756 654
1011 751 648
1011 746 641
1011 741 635
1011 736 629
1011 730 623
1011 725 617
1011 720 611
1011 714 605
1011 709 599
1011 704 593
1011 698 587
1011 693 580
1011 688 574
1011 682 568
1011 677 562
1011 671 556
1011 666 549
1011 661 543
1011 655 537
1011 650 531
1011 644 524
1011 639 518
1011 633 512
1011 628 505
1011 622 499
1011 617 493
1011 611 486
1011 605 480
1011 600 473
1011 594 467
1011 588 460
1011 583 454
1011 577 449
1011 571 443
1010 565 437
1010 560 431
1010 554 426
1010 548 420
1010 542 414
1010 536 408
1010 530 402
1009 524 396
1009 518 390
1009 512 384
1009 506 378
1009 500 372
1009 494 366
1009 488 359
1008 482 353
1008 475 347
1008 469 341
1008 463 334
1008 456 328
1008 450 321
1007 443 315
1007 436 308
1007 430 301
1006 423 296
1005 418 292
1004 412 288
1002 406 285
1001 401 281
999 395 277
998 389 274
996 383 270
995 377 266
993 371 262
992 365 259
990 359 255
989 353 251
987 347 247
985 341 243
984 335 239
982 329 235
981 323 231
979 316 227
977 310 223
976 303 219
974 297 215
972 290 211
971 284 206
969 277 202
967 270 198
966 263 193
964 256 189
962 249 184
960 242 180
958 236 177
954 232 175
950 228 173
947 225 171
943 221 170
939 217 168
935 214 167
931 210 165
928 206 164
924 203 162
920 199 160
916 195 159
912 192 157
909 188 156
905 184 154
901 181 152
897 177 151
893 173 149
890 169 148
886 166 146
882 162 144
878 158 143
874 154 141
870 151 140
866 147 138
863 143 136
859 139 135
855 136 133
851 132 132
847 128 130
843 124 128
839 120 127
835 117 125
831 113 123
827 109 122
823 105 120
819 101 118
815 97 117
811 95 116
806 94 115
801 93 114
797 92 113
792 91 112
787 90 111
783 89 110
778 88 109
773 87 108
769 85 107
764 84 106
759 83 105
755 82 104
750 81 103
745 80 102
741 79 101
736 78 100
732 77 99
727 76 98
722 74 97
718 73 96
713 72 95
709 71 94
704 70 93
699 69 92
695 68 91
690 67 90
686 66 89
681 65 88
676 64 87
672 63 86
667 61 85
663 60 84
658 59 84
654 58 83
649 57 83
644 56 82
640 55 81
635 54 81
631 53 80
626 52 80
622 50 79
617 49 78
613 48 78
608 47 77
604 46 77
599 45 76
594 44 76
590 43 75
585 42 74
581 41 74
576 39 73
572 38 73
567 37 72
563 36 71
558 35 71
554 34 70
549 33 70
545 32 69
540 31 69
536 30 68
531 29 67
527 27 67
522 26 66
518 25 66
513 24 65
509 23 65
504 22 64
500 21 63
496 20 63
491 19 62
487 18 62
482 17 61
478 16 60
473 15 60
469 13 59
465 12 59
460 11 58
456 10 58
451 9 57
447 8 57
442 7 56
438 6 55
434 5 55
429 4 54
