0 0 837
0 0 855
0 0 872
0 0 890
0 0 907
0 0 925
0 0 942
0 0 960
0 0 977
0 0 994
0 0 1012
11 11 1023
42 42 1023
68 68 1023
88 89 1023
106 106 1023
121 122 1023
135 136 1023
149 149 1023
161 161 1023
172 173 1023
184 184 1023
194 194 1023
205 205 1023
215 215 1023
224 224 1023
234 234 1023
243 243 1023
252 252 1023
261 261 1023
269 269 1023
278 278 1023
286 286 1023
295 295 1023
303 303 1023
311 311 1023
319 319 1023
327 327 1023
335 335 1023
342 342 1023
350 350 1023
358 358 1023
365 365 1023
373 373 1023
380 380 1023
388 388 1023
395 395 1023
403 403 1023
410 410 1023
417 417 1023
425 425 1023
432 432 1023
439 439 1023
447 447 1023
454 454 1023
461 461 1023
468 468 1023
475 476 1023
483 483 1023
490 490 1023
497 497 1023
504 504 1023
511 511 1023
519 519 1023
526 526 1023
533 533 1023
540 540 1023
547 547 1023
554 554 1023
562 562 1023
569 569 1023
576 576 1023
583 583 1023
590 590 1023
598 598 1023
605 605 1023
612 612 1023
619 619 1023
627 627 1023
634 634 1023
641 641 1023
648 648 1023
656 656 1023
663 663 1023
670 670 1023
678 678 1023
685 685 1023
693 693 1023
700 700 1023
707 708 1023
715 715 1023
722 722 1023
730 730 1023
738 738 1023
745 745 1023
753 753 1023
760 760 1023
768 768 1023
776 776 1023
783 783 1023
791 791 1023
799 799 1023
807 807 1023
814 814 1023
822 822 1023
830 830 1023
838 838 1023
846 846 1023
854 854 1023
862 862 1023
870 870 1023
878 878 1023
886 886 1023
894 894 1023
902 902 1023
911 911 1023
919 919 1023
927 927 1023
935 935 1023
944 944 1023
952 952 1023
961 961 1023
969 969 1023
978 978 1023
986 986 1023
995 995 1023
1004 1004 1023
1012 1012 1023
1023 1009 1009
1023 998 998
1023 987 988
1023 976 976
1023 965 965
1023 954 954
1023 944 944
1023 933 933
1023 922 922
1023 911 911
1023 900 900
1023 889 889
1023 878 878
1023 867 867
1023 856 856
1023 845 845
1023 834 834
1023 824 824
1023 813 813
1023 802 802
1023 791 791
1023 780 780
1023 769 769
1023 758 758
1023 747 747
1023 736 736
1023 725 725
1023 714 714
1023 703 703
1023 691 691
1023 680 680
1023 669 669
1023 657 657
1023 646 646
1023 635 635
1023 623 623
1023 611 611
1023 600 600
1023 588 588
1023 576 576
1023 564 564
1023 552 552
1023 539 539
1023 527 527
1023 514 514
1023 502 502
1023 489 489
1023 476 475
1023 462 462
1023 448 448
1023 435 435
1023 420 420
1023 406 406
1023 391 391
1023 375 375
1023 359 359
1023 343 343
1023 326 326
1023 308 308
1023 289 289
1023 269 269
1023 247 247
1023 224 224
1023 198 198
1023 169 169
1023 134 134
1023 87 87
1023 7 7
1013 0 0
1003 0 0
992 0 0
982 0 0
972 0 0
961 0 0
951 0 0
941 0 0
930 0 0
920 0 0
910 0 0
900 0 0
889 0 0
879 0 0
869 0 0
859 0 0
849 0 0
839 0 0
829 0 0
819 0 0
809 0 0
799 0 0
789 0 0
780 0 0
770 0 0
760 0 0
750 0 0
740 0 0
730 0 0
721 0 0
711 0 0
701 0 0
692 0 0
682 0 0
672 0 0
663 0 0
653 0 0
643 0 0
634 0 0
624 0 0
614 0 0
605 0 0
595 0 0
586 0 0
576 0 0
567 0 0
557 0 0
547 0 0
538 0 0
528 0 0
519 0 0
510 -2 -1
502 -8 -3
494 -15 -5
486 -21 -6
478 -27 -8
470 -32 -9
462 -37 -10
454 -41 -11
446 -46 -12
