0 0 981
0 0 997
0 0 1014
12 12 1023
41 41 1023
66 66 1023
86 86 1023
102 103 1023
117 117 1023
131 131 1023
143 144 1023
155 155 1023
167 167 1023
177 177 1023
187 188 1023
197 197 1023
207 207 1023
216 216 1023
225 225 1023
234 234 1023
243 243 1023
251 251 1023
259 259 1023
267 268 1023
276 276 1023
283 284 1023
291 291 1023
299 299 1023
307 307 1023
314 314 1023
322 322 1023
329 329 1023
336 336 1023
344 344 1023
351 351 1023
358 358 1023
365 365 1023
372 372 1023
379 379 1023
386 386 1023
393 393 1023
400 400 1023
407 407 1023
414 414 1023
421 421 1023
428 428 1023
435 435 1023
441 442 1023
448 448 1023
455 455 1023
462 462 1023
469 469 1023
475 475 1023
482 482 1023
489 489 1023
496 496 1023
502 502 1023
509 509 1023
516 516 1023
522 523 1023
529 529 1023
536 536 1023
543 543 1023
549 549 1023
556 556 1023
563 563 1023
570 570 1023
576 576 1023
583 583 1023
590 590 1023
597 597 1023
603 603 1023
610 610 1023
617 617 1023
624 624 1023
631 631 1023
637 637 1023
644 644 1023
651 651 1023
658 658 1023
665 665 1023
672 672 1023
679 679 1023
686 686 1023
693 693 1023
700 700 1023
706 707 1023
713 714 1023
721 721 1023
728 728 1023
735 735 1023
742 742 1023
749 749 1023
756 756 1023
763 763 1023
770 770 1023
777 777 1023
785 785 1023
792 792 1023
799 799 1023
806 806 1023
814 814 1023
821 821 1023
829 829 1023
836 836 1023
843 843 1023
851 851 1023
858 858 1023
866 866 1023
873 873 1023
881 881 1023
889 889 1023
896 896 1023
904 904 1023
912 912 1023
919 919 1023
927 927 1023
935 935 1023
943 943 1023
951 951 1023
959 959 1023
966 966 1023
974 974 1023
982 982 1023
991 991 1023
999 999 1023
1007 1007 1023
1015 1015 1023
1023 1013 1013
1023 1003 1002
1023 992 992
1023 982 982
1023 972 972
1023 961 961
1023 951 951
1023 941 941
1023 930 930
1023 920 920
1023 910 910
1023 900 900
1023 890 890
1023 879 879
1023 869 869
1023 859 859
1023 849 849
1023 839 839
1023 828 828
1023 818 818
1023 808 808
1023 798 798
1023 787 787
1023 777 777
1023 767 767
1023 756 756
1023 746 746
1023 736 736
1023 725 725
1023 715 715
1023 705 705
1023 694 694
1023 684 684
1023 673 673
1023 662 662
1023 652 652
1023 641 641
1023 630 630
1023 619 619
1023 608 608
1023 597 597
1023 586 586
1023 575 575
1023 564 564
1023 552 552
1023 541 541
1023 529 529
1023 517 517
1023 506 506
1023 493 493
1023 481 481
1023 469 469
1023 456 456
1023 443 443
1023 430 430
1023 417 416
1023 403 403
1023 389 389
1023 374 374
1023 359 359
1023 344 344
1023 328 328
1023 311 311
1023 293 293
1023 275 275
1023 255 255
1023 234 234
1023 211 211
1023 185 185
1023 156 156
1023 120 120
1023 71 71
1021 3 3
1012 0 0
1002 0 0
992 0 0
982 0 0
973 0 0
963 0 0
953 0 0
944 0 0
934 0 0
924 0 0
915 0 0
905 0 0
896 0 0
886 0 0
877 0 0
867 0 0
858 0 0
848 0 0
839 0 0
830 0 0
820 0 0
811 0 0
802 0 0
792 0 0
783 0 0
774 0 0
765 0 0
755 0 0
746 0 0
737 0 0
728 0 0
719 0 0
710 0 0
700 0 0
691 0 0
682 0 0
673 0 0
664 0 0
655 0 0
646 0 0
637 0 0
628 0 0
619 0 0
610 0 0
601 0 0
592 0 0
583 0 0
574 0 0
565 0 0
556 0 0
547 0 0
538 0 0
529 0 0
520 0 0
512 0 0
