671 45 274
677 52 275
684 59 277
690 66 278
696 73 279
702 80 281
708 87 282
714 93 284
720 100 285
726 107 287
732 113 288
738 120 289
744 126 291
750 133 292
756 139 294
761 145 295
767 152 296
773 158 298
778 164 299
784 171 300
790 177 302
795 183 303
801 189 304
806 195 306
812 201 307
817 207 308
823 213 309
828 220 311
834 226 312
839 232 313
844 238 315
850 244 316
855 250 316
860 257 315
865 264 313
870 272 311
874 279 309
879 286 307
884 293 306
889 300 304
893 307 302
898 315 300
903 322 298
907 329 297
912 336 295
916 342 293
921 349 291
925 356 289
930 363 288
935 370 286
939 377 284
944 384 282
948 391 281
953 397 279
957 404 277
962 411 275
966 418 274
971 425 272
975 431 270
979 439 269
980 448 274
982 458 278
983 467 282
984 476 287
986 485 291
987 495 295
988 504 299
989 513 304
991 522 308
992 531 312
993 539 316
994 548 320
995 557 324
997 566 328
998 574 332
999 583 336
1000 592 340
1001 600 344
1003 609 348
1004 617 352
1005 626 356
1006 634 360
1007 642 363
1008 651 367
1010 659 371
1011 668 375
1012 676 379
1013 684 383
1014 693 387
1015 701 392
1015 710 399
1015 718 406
1016 727 413
1016 736 421
1016 744 428
1016 753 435
1016 761 442
1016 770 449
1017 778 457
1017 787 464
1017 795 471
1017 804 478
1017 812 485
1017 821 492
1018 829 499
1018 838 507
1018 846 514
1018 855 521
1018 863 528
1018 872 535
1019 880 542
1019 888 549
1019 897 556
1019 905 568
1019 913 582
1020 921 595
1020 929 609
1020 937 622
1020 945 635
1021 953 649
1021 961 662
1021 969 676
1022 977 689
1022 985 703
1022 993 716
1022 1001 730
1023 1009 743
1023 1017 757
1016 1020 755
1006 1016 740
996 1012 724
986 1008 708
976 1004 692
966 1000 677
956 996 661
946 992 645
936 988 630
926 984 614
915 980 611
903 975 614
892 970 616
881 966 618
869 961 621
858 957 623
847 952 625
836 947 628
824 943 630
813 938 632
802 934 634
791 929 637
780 925 639
768 920 641
757 916 643
746 911 646
735 906 648
724 902 650
713 897 653
701 893 655
690 888 657
679 884 658
668 879 658
657 875 658
645 871 659
634 866 659
623 862 659
612 858 659
601 853 659
590 849 659
578 844 659
567 840 660
556 836 660
545 831 660
533 827 660
522 822 660
511 818 660
499 814 661
488 809 661
477 805 661
465 800 661
454 796 661
442 791 661
431 787 662
419 782 662
409 778 662
403 772 665
398 766 667
393 760 669
388 754 672
383 749 674
377 743 677
372 737 679
367 731 681
362 726 684
357 720 686
352 714 688
347 708 691
341 703 693
336 697 696
331 691 698
326 686 700
321 680 703
316 674 705
311 669 707
306 663 710
301 657 712
296 652 714
290 646 717
285 640 719
280 634 721
275 629 724
270 623 726
265 617 728
260 612 731
255 606 733
250 600 736
245 595 738
240 589 740
234 583 743
229 578 745
224 572 747
219 566 750
214 561 752
209 555 754
205 549 756
204 543 756
207 537 754
212 531 751
217 525 748
222 518 745
227 512 742
232 506 739
236 499 736
241 493 733
246 486 730
252 480 727
257 473 724
262 466 721
267 460 718
272 453 714
277 446 711
283 439 708
288 432 704
294 425 701
299 418 698
305 410 694
311 403 691
317 395 687
323 387 683
329 379 680
335 371 676
342 363 672
348 354 668
355 346 663
362 336 659
369 327 655
377 317 650
