459 -129 151
467 -127 156
475 -125 161
482 -123 166
490 -120 171
498 -117 176
506 -113 180
513 -110 185
521 -105 190
529 -101 195
536 -96 200
544 -91 205
551 -85 210
559 -79 215
566 -73 220
574 -66 225
581 -59 230
589 -51 235
596 -43 240
604 -35 245
611 -26 250
619 -16 255
626 -7 260
634 4 265
642 13 267
650 22 269
658 31 270
666 40 272
674 49 274
682 58 276
690 67 278
698 76 280
706 84 282
714 93 284
722 101 286
729 110 287
737 118 289
744 126 291
752 135 293
759 143 294
766 151 296
773 159 298
781 167 299
788 175 301
795 183 303
802 190 305
809 198 306
816 206 308
823 214 309
830 222 311
837 229 313
844 237 314
851 245 316
857 253 316
863 262 313
870 272 311
876 281 309
882 290 306
888 299 304
894 308 302
900 317 299
906 326 297
911 335 295
917 344 293
923 353 290
929 361 288
935 370 286
940 379 284
946 388 281
952 396 279
958 405 277
963 414 275
969 422 273
975 431 270
979 441 270
981 453 276
983 465 282
984 477 287
986 489 292
988 500 298
989 512 303
991 523 308
992 534 314
994 546 319
995 557 324
997 568 329
998 579 334
1000 590 339
1002 601 344
1003 612 349
1005 623 354
1006 633 359
1008 644 364
1009 655 369
1010 666 374
1012 676 379
1013 687 384
1015 698 390
1015 708 398
1015 720 407
1016 731 416
1016 742 426
1016 752 435
1016 763 444
1017 774 453
1017 785 462
1017 796 471
1017 807 480
1017 818 490
1018 828 499
1018 839 508
1018 850 517
1018 861 526
1018 872 535
1019 882 544
1019 893 553
1019 904 566
1019 914 583
1020 924 600
1020 934 617
1020 944 635
1021 955 652
1021 965 669
1021 975 686
1022 985 703
1022 996 720
1022 1006 738
1023 1016 755
1015 1020 753
1002 1014 733
989 1009 713
976 1004 693
963 999 673
950 994 653
938 989 633
925 984 613
911 978 612
896 972 615
882 966 618
867 960 621
853 955 624
839 949 627
824 943 630
810 937 633
796 931 636
781 925 639
767 920 641
753 914 644
739 908 647
724 902 650
710 896 653
696 891 656
682 885 658
667 879 658
653 874 658
639 868 659
625 863 659
610 857 659
596 851 659
582 846 659
567 840 660
553 835 660
539 829 660
524 823 660
510 818 660
495 812 661
481 806 661
466 801 661
452 795 661
437 789 662
423 784 662
409 778 662
402 770 665
395 763 668
389 755 671
382 748 674
375 741 678
369 733 681
362 726 684
356 719 687
349 711 690
343 704 693
336 697 696
330 689 699
323 682 702
317 675 705
310 668 708
304 660 711
297 653 714
291 646 717
284 639 720
278 631 723
271 624 726
265 617 729
258 610 732
252 603 735
245 595 738
239 588 741
232 581 744
226 573 747
219 566 750
213 559 753
206 552 756
204 544 756
208 536 754
214 528 750
220 520 746
226 512 742
233 504 739
239 496 735
245 488 731
252 479 727
258 471 723
265 462 719
272 454 715
278 445 711
285 436 706
292 427 702
299 418 698
307 408 693
314 399 689
322 389 684
329 379 679
337 368 674
346 358 669
354 346 664
363 335 658
373 322 652
374 314 647
369 308 641
364 302 635
358 297 629
353 291 624
348 285 618
343 280 612
338 274 606
333 268 601
327 263 595
322 257 589
317 251 584
312 245 578
307 240 572
302 234 567
297 228 561
292 222 556
287 216 550
282 210 544
277 204 539
272 198 533
267 192 528
262 186 522
257 180 517
252 174 511
247 168 506
242 161 500
238 155 495
