0 512 409
4 514 409
9 516 409
13 518 409
17 520 409
22 522 409
26 524 409
30 527 409
34 529 409
39 531 409
43 533 409
47 535 409
52 537 409
56 540 409
60 542 409
65 544 409
69 546 409
73 548 409
77 550 409
82 552 409
86 554 409
90 557 409
94 559 409
99 561 409
103 563 409
107 565 409
111 567 409
115 569 409
119 571 409
124 573 409
128 575 409
132 577 409
136 580 409
140 582 409
144 584 409
148 586 409
152 588 409
156 590 409
161 592 409
165 594 409
169 596 409
173 598 409
177 600 409
181 602 409
185 604 409
189 606 409
193 608 409
197 610 409
201 612 409
205 614 409
209 616 409
213 618 409
217 620 409
221 622 409
225 624 409
229 626 409
233 628 409
237 630 409
241 632 409
245 634 409
249 636 409
253 638 409
257 640 409
260 642 409
264 644 409
268 646 409
272 648 409
276 650 409
280 652 409
284 654 409
288 655 409
292 657 409
296 659 409
300 661 409
304 663 409
307 665 409
311 667 409
315 669 409
319 671 409
323 673 409
327 675 409
331 677 409
335 679 409
338 681 409
342 683 409
346 685 409
350 687 409
354 688 409
358 690 409
362 692 409
365 694 409
369 696 409
373 698 409
377 700 409
381 702 409
385 704 409
389 706 409
392 708 409
396 710 409
400 712 409
404 713 409
408 715 409
412 717 409
416 719 409
419 721 409
423 723 409
427 725 409
431 727 409
435 729 409
439 731 409
442 733 409
446 735 409
450 737 409
454 738 409
458 740 409
462 742 409
465 744 409
469 746 409
473 748 409
477 750 409
481 752 409
485 754 409
488 756 409
492 758 409
496 760 409
500 761 409
504 763 409
508 765 409
512 767 409
515 769 409
519 771 409
523 773 409
527 775 409
531 777 409
535 779 409
538 781 409
542 783 409
546 785 409
550 787 409
554 788 409
558 790 409
562 792 409
565 794 409
569 796 409
573 798 409
577 800 409
581 802 409
585 804 409
589 806 409
593 808 409
596 810 409
600 812 409
604 814 409
608 816 409
612 817 409
616 819 409
620 821 409
624 823 409
628 825 409
631 827 409
635 829 409
639 831 409
643 833 409
647 835 409
651 837 409
655 839 409
659 841 409
663 843 409
667 845 409
671 847 409
674 849 409
678 851 409
682 853 409
686 855 409
690 857 409
694 859 409
698 861 409
702 862 409
706 864 409
710 866 409
714 868 409
718 870 409
722 872 409
726 874 409
730 876 409
734 878 409
738 880 409
742 882 409
746 884 409
750 886 409
754 888 409
758 890 409
762 892 409
766 894 409
770 896 409
774 898 409
778 900 409
782 902 409
786 904 409
790 906 409
794 908 409
798 910 409
802 912 409
806 914 409
810 916 409
814 918 409
818 921 409
822 923 409
826 925 409
830 927 409
834 929 409
838 931 409
842 933 409
847 935 409
851 937 409
855 939 409
859 941 409
863 943 409
867 945 409
871 947 409
875 949 409
879 951 409
884 953 409
888 955 409
892 957 409
896 959 409
900 962 409
904 964 409
908 966 409
913 968 409
917 970 409
921 972 409
925 974 409
929 976 409
934 978 409
938 980 409
942 982 409
946 985 409
950 987 409
955 989 409
959 991 409
963 993 409
967 995 409
972 997 409
976 999 409
980 1002 409
984 1004 409
989 1006 409
993 1008 409
997 1010 409
1001 1012 409
1006 1014 409
1010 1017 409
1014 1019 409
1019 1021 409
1023 1023 409
