-296 284 197
-297 287 200
-297 289 202
-297 292 205
-298 295 207
-298 298 210
-298 301 213
-298 303 215
-298 306 218
-298 309 220
-298 312 223
-297 315 225
-297 317 228
-296 320 231
-296 323 233
-295 326 236
-294 328 238
-293 331 241
-292 334 243
-291 337 246
-290 340 248
-289 342 251
-287 345 254
-286 348 256
-284 351 259
-283 353 261
-281 356 264
-279 359 267
-277 362 269
-275 365 272
-273 367 274
-271 370 277
-268 373 279
-266 376 282
-263 378 285
-261 381 287
-258 384 290
-255 387 292
-252 389 295
-249 392 297
-245 395 300
-242 398 303
-239 401 305
-235 403 308
-231 406 310
-227 409 313
-224 412 316
-219 415 318
-215 417 321
-211 420 323
-207 423 326
-202 426 329
-197 428 331
-193 431 334
-188 434 336
-183 437 339
-177 440 342
-172 442 344
-167 445 347
-161 448 350
-156 451 352
-150 454 355
-144 456 357
-138 459 360
-131 462 363
-125 465 365
-119 468 368
-112 471 371
-105 473 373
-98 476 376
-91 479 379
-84 482 381
-77 485 384
-69 487 387
-62 490 389
-54 493 392
-46 496 395
-38 499 397
-30 502 400
-21 504 403
-13 507 405
-4 510 408
3 513 409
10 516 409
16 520 409
22 523 409
29 526 409
35 529 409
42 532 409
48 535 409
54 539 409
61 542 409
67 545 409
73 548 409
79 551 409
86 554 409
92 557 409
98 560 409
104 564 409
110 567 409
116 570 409
122 573 409
129 576 409
135 579 409
141 582 409
147 585 409
153 588 409
159 591 409
165 594 409
171 597 409
177 600 409
183 603 409
188 606 409
194 609 409
200 612 409
206 615 409
212 617 409
218 620 409
224 623 409
230 626 409
235 629 409
241 632 409
247 635 409
253 638 409
259 641 409
264 644 409
270 647 409
276 649 409
282 652 409
287 655 409
293 658 409
299 661 409
305 664 409
310 667 409
316 669 409
322 672 409
327 675 409
333 678 409
339 681 409
344 684 409
350 687 409
356 689 409
361 692 409
367 695 409
373 698 409
378 701 409
384 704 409
390 706 409
395 709 409
401 712 409
407 715 409
412 718 409
418 721 409
424 723 409
429 726 409
435 729 409
441 732 409
446 735 409
452 737 409
458 740 409
463 743 409
469 746 409
474 749 409
480 752 409
486 754 409
491 757 409
497 760 409
503 763 409
508 766 409
514 768 409
520 771 409
525 774 409
531 777 409
537 780 409
542 783 409
548 785 409
554 788 409
559 791 409
565 794 409
571 797 409
576 800 409
582 802 409
588 805 409
593 808 409
599 811 409
605 814 409
610 817 409
616 820 409
622 822 409
628 825 409
633 828 409
639 831 409
645 834 409
651 837 409
656 840 409
662 843 409
668 845 409
674 848 409
679 851 409
685 854 409
691 857 409
697 860 409
702 863 409
708 866 409
714 869 409
720 871 409
726 874 409
732 877 409
737 880 409
743 883 409
749 886 409
755 889 409
761 892 409
767 895 409
773 898 409
779 901 409
784 904 409
790 907 409
796 910 409
802 913 409
808 916 409
814 919 409
820 922 409
826 925 409
832 928 409
838 931 409
844 934 409
850 937 409
856 940 409
862 943 409
868 946 409
874 949 409
880 952 409
886 955 409
892 958 409
899 961 409
905 964 409
911 967 409
917 970 409
923 973 409
929 976 409
935 979 409
942 982 409
948 985 409
954 988 409
960 992 409
966 995 409
973 998 409
979 1001 409
985 1004 409
991 1007 409
998 1010 409
1004 1014 409
1010 1017 409
1017 1020 409
1023 1023 409
