915 1023 489
922 1016 462
930 1010 434
938 1003 405
947 996 375
955 988 345
964 981 313
974 973 280
983 965 246
993 956 211
1004 947 173
1015 938 134
1023 929 103
1023 924 100
1023 918 97
1023 913 94
1023 908 90
1023 902 87
1023 897 84
1023 892 81
1023 886 77
1023 881 74
1023 876 71
1023 870 68
1023 865 64
1023 859 61
1023 854 58
1023 849 55
1023 843 51
1023 838 48
1023 832 45
1023 827 42
1023 822 38
1023 816 35
1023 811 32
1023 805 29
1023 800 25
1023 795 22
1023 789 19
1023 784 15
1023 778 12
1023 773 9
1023 767 5
1023 762 2
1023 756 0
1023 751 0
1023 745 0
1023 740 0
1023 734 0
1023 729 0
1023 723 0
1023 718 0
1023 712 0
1023 706 0
1023 701 0
1023 695 0
1023 689 0
1023 684 0
1023 678 0
1023 672 0
1023 667 0
1023 661 0
1023 655 0
1023 650 0
1023 644 0
1023 638 0
1022 633 0
1022 627 0
1021 622 0
1021 616 0
1020 611 0
1020 605 0
1019 600 0
1019 594 0
1018 588 0
1018 583 0
1017 577 0
1017 572 0
1016 566 0
1016 560 0
1015 554 0
1015 549 0
1014 543 0
1013 537 0
1013 531 0
1012 525 0
1012 520 0
1011 514 0
1010 509 -1
1006 506 -7
1002 503 -11
998 500 -16
995 497 -21
991 494 -26
987 491 -30
983 489 -35
980 486 -39
976 483 -43
972 480 -47
968 477 -51
965 474 -55
961 472 -59
957 469 -63
954 466 -66
950 463 -70
946 460 -73
942 458 -77
939 455 -80
935 452 -83
931 449 -86
928 446 -89
924 444 -92
920 441 -95
917 438 -98
913 435 -101
909 433 -103
906 430 -106
902 427 -108
898 424 -111
895 422 -113
891 419 -115
887 416 -117
884 414 -119
880 411 -121
876 408 -123
873 405 -125
869 403 -127
866 400 -128
862 397 -130
858 395 -132
855 392 -133
851 389 -135
848 387 -136
844 384 -137
840 381 -139
837 379 -140
833 376 -141
830 373 -142
826 371 -143
823 368 -144
819 365 -145
815 363 -146
812 360 -147
808 357 -147
805 355 -148
801 352 -149
798 350 -149
794 347 -150
790 344 -150
787 342 -151
783 339 -151
780 337 -151
776 334 -151
773 331 -152
769 329 -152
766 326 -152
762 324 -152
759 321 -152
755 319 -152
752 316 -152
748 313 -152
745 311 -152
741 308 -152
738 306 -151
734 303 -151
731 301 -151
727 298 -151
724 296 -150
720 293 -150
717 290 -149
713 288 -149
710 285 -148
706 283 -148
703 280 -147
699 278 -147
696 275 -146
692 273 -145
689 270 -145
685 268 -144
682 265 -143
678 263 -143
675 260 -142
671 258 -141
668 255 -140
664 253 -139
661 250 -138
657 248 -137
654 245 -136
650 243 -135
647 240 -134
643 238 -133
640 235 -132
636 233 -131
633 230 -130
629 228 -129
626 225 -128
622 223 -127
619 220 -125
615 218 -124
612 215 -123
608 213 -122
605 210 -121
601 208 -119
598 205 -118
594 203 -117
591 200 -115
587 198 -114
584 196 -113
580 193 -111
577 191 -110
573 188 -109
570 186 -107
566 183 -106
563 181 -105
559 178 -103
556 176 -102
552 173 -100
549 171 -99
545 168 -97
542 166 -96
538 163 -95
535 161 -93
531 158 -92
528 156 -90
524 153 -89
521 151 -87
517 149 -86
514 146 -84
510 144 -83
507 141 -81
503 139 -80
500 136 -79
496 134 -77
493 131 -76
489 129 -74
485 126 -73
482 124 -71
478 121 -70
475 119 -68
471 116 -67
468 113 -66
464 111 -64
460 108 -63
457 106 -61
453 103 -60
450 101 -59
446 98 -57
442 96 -56
439 93 -55
435 90 -53
431 88 -52
428 85 -51
424 83 -50
420 80 -49
417 77 -47
413 75 -46
