1023 1023 871
1018 1021 858
1012 1019 846
1007 1017 834
1001 1015 822
996 1012 810
990 1010 798
985 1008 786
979 1006 774
974 1004 762
969 1002 750
963 1000 737
958 998 725
952 995 713
946 993 710
939 990 711
933 988 712
926 985 712
919 983 713
913 980 713
906 977 714
900 975 714
893 972 715
887 970 715
880 967 716
874 964 716
867 962 717
860 959 717
854 957 718
847 954 718
841 952 719
834 949 719
828 946 720
821 944 720
815 941 721
808 939 721
802 936 722
795 934 722
789 931 723
782 928 724
776 926 724
769 923 725
763 921 726
756 918 726
749 916 727
743 913 728
736 911 728
730 908 729
723 906 729
717 903 730
710 900 731
704 898 731
697 895 732
691 893 733
684 890 733
677 888 734
671 885 735
664 883 735
658 880 736
651 878 736
645 875 737
638 872 738
632 870 738
625 867 739
618 865 740
612 862 740
605 860 741
599 857 742
592 855 742
586 852 743
579 849 743
572 847 744
566 844 745
559 842 745
553 839 746
546 837 747
539 834 747
533 831 748
526 829 749
519 826 749
513 824 750
506 821 751
499 818 752
492 816 753
485 813 754
478 811 755
471 808 756
464 806 757
457 803 758
450 800 759
443 798 760
436 795 761
429 792 762
422 790 763
414 787 764
407 785 765
400 782 766
393 779 767
386 777 768
379 774 769
371 771 770
364 768 771
357 766 772
349 763 773
342 760 775
335 758 776
327 755 777
320 752 778
312 749 779
305 746 780
297 744 781
290 741 782
282 738 783
275 735 784
267 732 785
261 729 786
257 726 786
254 723 786
251 720 785
248 717 785
245 713 784
241 710 784
238 707 784
235 704 783
232 701 783
229 697 783
226 694 782
223 691 782
220 688 782
217 685 781
214 682 781
210 678 781
207 675 780
204 672 780
201 669 780
198 666 779
195 663 779
192 659 779
189 656 778
186 653 778
183 650 778
180 647 777
177 644 777
174 640 777
170 637 776
167 634 776
164 631 776
161 628 775
158 625 775
155 622 775
152 618 774
149 615 774
146 612 774
143 609 773
140 606 773
137 603 773
134 600 772
131 596 772
128 593 772
124 590 771
121 587 771
118 584 770
117 581 769
117 577 768
117 574 767
117 571 765
118 568 764
118 565 762
118 561 761
119 558 759
119 555 758
119 552 756
120 549 755
120 546 753
120 542 752
121 539 750
121 536 749
121 533 747
121 530 746
122 526 744
122 523 743
122 520 741
123 517 740
123 514 738
123 511 737
124 508 735
124 504 734
124 501 732
125 498 731
125 495 729
125 492 728
125 489 726
126 485 725
126 482 723
126 479 722
127 476 721
127 473 719
127 470 718
128 467 716
128 463 715
128 460 713
129 457 712
129 454 710
129 451 709
129 448 707
130 444 706
130 441 704
130 438 703
131 435 701
131 432 700
131 429 698
132 426 697
132 422 695
132 419 694
133 416 692
133 413 691
133 410 689
134 407 688
134 403 686
134 400 685
134 397 683
135 394 682
135 391 680
135 388 679
136 384 677
136 381 676
136 378 674
137 375 673
137 372 671
137 369 670
137 365 668
137 362 667
138 359 665
138 356 664
138 353 662
138 349 661
139 346 659
139 343 658
139 340 656
139 337 655
140 333 653
140 330 652
140 327 650
140 324 649
140 320 647
141 317 645
141 314 644
141 311 642
141 307 641
142 304 639
142 301 638
142 298 636
142 294 634
143 291 633
143 288 631
143 284 630
