1023 1023 871
1016 1020 855
1009 1018 840
1002 1015 824
995 1012 809
988 1010 794
982 1007 778
975 1004 763
968 1001 748
961 999 732
954 996 717
946 993 710
938 990 711
929 986 712
921 983 712
913 980 713
904 977 714
896 973 714
888 970 715
879 967 716
871 963 716
863 960 717
854 957 718
846 954 718
838 950 719
830 947 720
821 944 720
813 941 721
805 937 722
797 934 722
788 931 723
780 928 724
772 924 725
763 921 726
755 918 726
747 915 727
738 911 728
730 908 729
722 905 730
714 902 730
705 899 731
697 895 732
689 892 733
680 889 734
672 886 734
664 882 735
655 879 736
647 876 737
639 873 738
630 869 738
622 866 739
614 863 740
605 860 741
597 856 742
589 853 743
580 850 743
572 847 744
564 843 745
555 840 746
547 837 747
538 834 747
530 830 748
522 827 749
513 824 750
504 821 751
496 817 752
487 814 754
478 811 755
469 807 756
460 804 757
451 801 759
442 797 760
433 794 761
424 791 763
415 787 764
406 784 765
397 781 767
388 777 768
379 774 769
369 770 771
360 767 772
351 764 773
342 760 775
332 757 776
323 753 777
313 750 779
304 746 780
294 743 781
285 739 783
275 735 784
265 732 786
259 728 786
255 724 786
251 720 785
247 716 785
243 712 784
239 708 784
235 704 783
231 700 783
227 696 783
223 691 782
219 687 782
215 683 781
211 679 781
207 675 780
204 671 780
200 667 780
196 663 779
192 659 779
188 655 778
184 651 778
180 647 777
176 643 777
172 639 776
168 635 776
165 631 776
161 627 775
157 623 775
153 619 774
149 615 774
145 611 773
141 607 773
137 603 773
133 599 772
130 595 772
126 591 771
122 587 771
118 583 770
117 579 769
117 575 767
117 571 765
118 567 763
118 563 761
119 559 760
119 555 758
119 551 756
120 547 754
120 543 752
121 539 750
121 535 748
121 531 746
122 527 744
122 523 743
123 519 741
123 515 739
123 511 737
124 507 735
124 503 733
124 499 731
125 495 729
125 491 727
126 487 726
126 483 724
126 479 722
127 475 720
127 471 718
128 467 716
128 463 714
128 459 712
129 455 710
129 451 709
130 447 707
130 443 705
130 439 703
131 435 701
131 431 699
132 427 697
132 423 695
132 419 694
133 415 692
133 411 690
133 407 688
134 403 686
134 399 684
135 395 682
135 391 680
135 387 678
136 383 677
136 379 675
137 375 673
137 370 671
137 366 669
137 362 667
138 358 665
138 354 663
138 350 661
139 346 659
139 342 657
139 338 655
139 334 653
140 330 651
140 326 650
140 322 648
141 318 646
141 313 644
141 309 642
142 305 640
142 301 638
142 297 636
142 293 634
143 288 632
143 284 630
143 280 628
144 276 626
144 271 624
144 267 622
145 263 619
145 258 617
145 254 615
146 250 613
146 245 611
146 241 609
146 236 607
147 232 605
147 227 603
147 223 600
148 218 598
148 214 596
148 209 594
146 206 588
143 204 581
139 201 575
136 199 569
133 197 562
130 194 556
127 192 550
124 189 543
121 187 537
118 184 531
115 182 524
112 179 518
109 177 511
105 175 505
102 172 498
99 170 492
96 167 486
93 165 479
90 162 473
87 160 466
84 157 460
80 155 453
77 152 446
74 150 440
71 147 433
68 145 427
65 142 420
61 140 414
58 137 407
55 134 400
52 132 394
48 129 387
45 127 380
42 124 373
39 122 367
35 119 360
32 116 353
