1023 1023 919
1018 1021 893
1013 1019 866
1009 1018 840
1004 1016 813
999 1014 786
994 1012 759
988 1010 740
981 1007 735
974 1004 730
968 1002 725
961 999 720
954 996 715
947 993 710
940 991 705
933 988 700
926 985 695
919 982 690
913 980 685
906 977 680
899 974 675
892 971 670
885 969 665
878 966 660
872 963 655
865 960 651
858 958 648
852 955 645
845 952 642
839 949 639
832 946 635
825 943 632
819 940 629
812 938 626
806 935 623
799 932 620
793 929 617
786 926 614
779 923 610
773 921 607
766 918 604
760 915 601
753 912 598
747 909 595
740 907 592
734 904 589
727 901 586
721 898 583
715 895 579
708 893 576
702 890 573
695 887 570
689 884 568
682 882 565
676 879 562
669 876 560
663 873 557
657 870 555
650 868 552
644 865 550
637 862 547
631 859 545
624 856 542
618 854 540
612 851 537
605 848 534
599 845 532
592 842 529
586 840 527
580 837 524
573 834 522
567 831 519
560 829 517
554 826 514
548 823 512
541 820 509
535 818 507
529 815 504
522 812 502
516 809 499
509 806 497
503 804 494
497 801 491
490 798 489
484 795 486
478 793 484
472 790 481
466 787 478
460 784 475
455 781 472
449 778 469
443 775 466
437 773 463
431 770 460
426 767 457
420 764 454
414 761 451
408 758 448
402 755 445
396 753 442
391 750 439
385 747 436
379 744 433
373 741 430
367 738 427
362 735 424
356 733 421
350 730 418
344 727 415
338 724 413
332 721 410
327 718 407
321 715 404
315 713 401
309 710 398
303 707 395
297 704 392
291 701 389
286 698 386
280 695 383
274 692 380
268 690 377
263 687 374
259 683 371
256 680 369
254 677 367
251 673 365
248 670 362
246 667 360
243 663 358
241 660 356
238 657 354
236 654 351
233 650 349
231 647 347
228 644 345
226 640 343
223 637 341
221 634 338
218 631 336
216 627 334
213 624 332
211 621 330
208 618 328
206 614 325
203 611 323
201 608 321
198 605 319
196 601 317
193 598 315
191 595 312
188 592 310
186 589 308
183 585 306
181 582 304
179 579 302
176 576 300
174 573 298
171 570 295
169 566 293
166 563 291
164 560 289
161 557 287
159 554 285
157 551 283
154 547 281
152 544 279
149 541 276
147 538 274
144 535 272
142 532 270
139 529 268
135 525 267
131 522 266
128 519 264
124 516 263
120 513 262
116 510 260
112 507 259
109 504 258
105 501 257
101 498 255
97 495 254
93 492 253
89 489 251
86 486 250
82 483 249
78 480 247
74 476 246
70 473 245
66 470 243
62 467 242
59 464 241
55 461 239
51 458 238
47 455 237
43 452 235
39 449 234
35 446 233
32 442 231
28 439 230
24 436 229
20 433 228
16 430 226
12 427 225
9 424 224
5 421 222
1 418 221
0 415 220
0 412 218
0 408 217
0 405 216
0 402 215
0 399 213
0 396 212
0 392 211
0 389 209
0 386 208
0 383 207
0 380 206
0 376 204
0 373 203
0 370 202
0 367 200
0 364 199
0 360 198
0 357 197
0 354 195
0 351 194
0 348 193
0 345 192
0 341 190
0 338 189
0 335 188
0 332 186
0 329 185
0 325 184
0 322 183
0 319 181
0 316 180
0 313 179
0 310 178
0 306 176
0 303 175
0 300 174
0 297 173
0 294 171
0 291 170
0 287 169
0 284 167
0 281 166
0 278 165
-3 275 163
-7 272 160
-10 269 158
-14 266 155
