1023 1023 818
1023 1018 806
1023 1013 794
1023 1008 782
1023 1003 770
1023 998 758
1023 993 746
1023 988 734
1023 983 722
1023 978 710
1023 974 697
1023 969 685
1023 964 673
1023 959 661
1023 954 649
1023 949 638
1023 944 627
1022 939 617
1022 934 606
1022 929 596
1022 924 585
1021 919 575
1021 914 564
1021 909 554
1021 904 543
1020 899 533
1020 894 522
1020 889 512
1020 884 501
1019 879 491
1019 874 480
1019 869 471
1019 863 466
1019 858 460
1019 853 454
1019 847 448
1019 842 442
1019 836 436
1019 831 431
1019 825 425
1019 820 419
1019 815 413
1019 809 407
1019 804 401
1019 798 396
1019 793 390
1019 787 384
1019 782 378
1019 776 372
1019 771 366
1019 765 360
1019 760 354
1019 754 348
1019 749 342
1019 743 336
1019 738 331
1019 732 325
1019 727 319
1019 721 313
1019 716 307
1019 710 303
1019 704 301
1019 699 298
1018 693 296
1018 687 293
1018 681 291
1018 676 288
1018 670 286
1018 664 283
1017 658 281
1017 653 278
1017 647 276
1017 641 273
1017 635 271
1017 629 268
1017 623 266
1016 617 263
1016 611 260
1016 605 258
1016 599 255
1016 593 253
1016 587 250
1015 581 247
1015 575 245
1015 569 242
1015 563 240
1015 557 238
1015 550 236
1015 544 235
1015 538 233
1014 531 231
1014 525 229
1014 518 227
1014 512 225
1014 505 223
1014 498 221
1014 492 220
1014 485 218
1014 478 216
1013 471 214
1013 464 212
1013 457 210
1013 450 208
1013 443 206
1013 435 203
1013 428 201
1013 421 199
1013 413 197
1012 405 195
1012 398 193
1012 390 190
1012 382 188
1012 374 186
1012 365 184
1012 357 181
1012 349 179
1011 340 176
1011 331 174
1011 322 171
1010 313 169
1008 307 167
1006 302 165
1003 296 164
1000 291 162
998 285 161
995 279 159
992 274 158
989 268 156
987 262 155
984 256 153
981 251 152
978 245 150
975 239 149
973 233 147
970 227 145
967 221 144
964 215 142
961 209 140
958 203 139
955 197 137
952 190 135
949 184 134
946 178 132
943 171 130
940 165 129
936 158 127
933 151 125
930 145 123
927 138 121
923 131 119
920 124 118
917 117 116
913 110 114
909 104 113
905 100 114
900 97 115
896 94 116
891 91 117
886 88 119
882 85 120
877 81 121
873 78 122
868 75 124
863 72 125
859 69 126
854 66 127
850 63 128
845 59 130
840 56 131
836 53 132
831 50 133
826 47 135
822 43 136
817 40 137
812 37 138
808 34 139
803 31 141
798 27 142
794 24 143
789 21 144
785 18 146
780 15 147
775 12 148
771 9 149
766 5 150
762 2 152
757 0 152
752 0 152
747 0 152
742 0 152
737 0 152
732 0 152
727 0 152
723 0 152
718 0 152
713 0 152
708 0 152
703 0 152
698 0 152
693 0 152
688 0 152
684 0 152
679 0 152
674 0 152
669 0 152
664 0 152
659 0 152
655 0 152
650 0 152
645 0 152
640 0 152
635 0 152
630 0 152
626 0 152
621 0 152
616 0 152
611 0 152
606 0 152
601 0 152
597 0 152
592 0 152
587 0 152
582 0 152
577 0 152
573 0 152
568 0 152
563 0 152
558 0 152
553 0 152
548 0 152
544 0 152
539 0 152
534 0 152
529 0 152
524 0 152
520 0 152
515 0 152
511 -3 151
507 -6 148
503 -10 146
500 -14 144
496 -17 141
492 -20 139
488 -23 137
484 -27 134
481 -30 132
477 -32 130
473 -35 127
469 -38 125
465 -41 123
462 -43 121
458 -46 118
454 -48 116
450 -50 114
446 -53 111
442 -55 109
