1023 1023 919
1023 1019 898
1023 1015 877
1023 1011 855
1023 1007 834
1023 1002 813
1023 998 791
1023 994 770
1023 990 751
1023 985 741
1022 980 730
1022 975 719
1022 970 708
1022 965 698
1021 960 687
1021 955 676
1021 950 666
1021 945 655
1020 940 644
1020 935 634
1020 930 623
1020 925 612
1019 920 602
1019 915 591
1019 910 580
1019 905 569
1019 900 558
1019 895 548
1019 890 537
1019 884 526
1019 879 515
1019 874 504
1019 869 493
1019 864 482
1019 859 471
1019 854 460
1019 849 449
1019 843 438
1019 838 427
1019 833 416
1019 828 405
1019 823 394
1019 817 383
1019 812 372
1019 807 361
1019 802 350
1019 796 339
1019 791 327
1019 786 318
1019 780 312
1019 775 307
1019 769 302
1019 764 297
1019 758 292
1019 752 287
1019 747 282
1019 741 277
1019 735 272
1019 730 267
1019 724 262
1019 718 257
1019 713 252
1019 707 247
1019 701 242
1019 696 237
1019 690 232
1019 684 227
1019 678 222
1019 673 216
1019 667 211
1019 661 206
1019 655 201
1019 649 196
1019 643 190
1019 637 185
1019 631 180
1019 625 175
1019 619 169
1018 614 165
1017 609 162
1015 604 160
1013 600 157
1011 595 155
1009 590 152
1007 586 150
1005 581 148
1003 576 145
1001 572 143
999 567 141
996 563 138
994 558 136
992 553 133
990 549 131
988 544 129
986 539 126
984 535 124
982 530 122
980 525 119
978 521 117
976 516 114
974 511 112
972 507 110
970 502 107
968 497 105
966 493 103
964 488 100
962 483 98
960 479 95
958 474 93
956 469 90
954 465 88
951 460 86
949 455 83
947 451 81
944 447 79
941 443 77
938 439 75
935 436 73
931 432 72
928 428 70
925 425 68
922 421 66
919 418 64
915 414 63
912 410 61
909 407 59
906 403 57
903 400 55
899 396 54
896 392 52
893 389 50
890 385 48
887 382 46
883 378 45
880 375 43
877 371 41
874 367 39
871 364 37
868 360 36
864 357 34
861 353 32
858 349 30
855 346 28
852 342 27
848 339 25
845 335 23
842 332 21
839 328 20
836 324 18
833 321 16
829 317 14
826 314 12
823 310 11
820 306 9
816 304 8
812 302 8
807 300 8
803 298 9
798 295 9
794 293 9
790 291 9
785 289 9
781 287 9
777 285 10
772 283 10
768 281 10
764 279 10
759 277 10
755 275 11
751 273 11
746 271 11
742 269 11
738 267 11
733 265 11
729 263 12
725 261 12
720 259 12
716 257 12
712 255 12
708 253 12
703 251 13
699 249 13
695 247 13
691 245 13
686 243 13
682 241 13
678 239 14
674 237 14
669 235 14
665 233 14
661 231 14
657 229 14
653 227 15
648 225 15
644 223 15
640 221 15
636 219 15
632 217 15
627 215 16
623 213 16
619 211 16
615 209 16
610 208 16
606 206 16
601 205 17
597 204 17
592 202 17
587 201 17
583 199 17
578 198 17
573 197 18
569 195 18
564 194 18
560 193 18
555 191 18
551 190 19
546 189 19
541 187 19
537 186 19
532 185 19
528 183 19
523 182 20
518 181 20
514 179 20
509 178 20
505 177 20
500 175 21
496 174 21
491 172 21
486 171 21
482 170 21
477 168 21
473 167 22
468 166 22
463 164 22
459 163 22
454 162 22
450 160 22
445 159 23
441 158 23
436 156 23
431 155 23
427 154 23
422 152 24
418 151 24
413 150 24
409 148 24
405 145 22
402 143 20
398 140 18
395 138 16
391 135 15
388 132 13
384 130 11
381 127 10
377 125 8
