1023 1023 818
1023 1018 807
1023 1014 796
1023 1009 785
1023 1005 774
1023 1000 762
1023 996 751
1023 991 740
1023 986 729
1023 982 718
1023 977 706
1023 973 695
1023 968 684
1023 963 673
1023 959 661
1023 954 650
1023 950 639
1023 945 630
1022 940 620
1022 936 610
1022 931 601
1022 927 591
1022 922 581
1021 917 572
1021 913 562
1021 908 552
1021 903 542
1020 899 533
1020 894 523
1020 890 513
1020 885 504
1019 880 494
1019 876 484
1019 871 475
1019 866 469
1019 861 463
1019 856 458
1019 851 452
1019 846 447
1019 841 442
1019 836 436
1019 831 431
1019 826 425
1019 821 420
1019 816 414
1019 811 409
1019 806 404
1019 801 398
1019 796 393
1019 791 387
1019 786 382
1019 780 376
1019 775 371
1019 770 365
1019 765 360
1019 760 355
1019 755 349
1019 750 344
1019 745 338
1019 740 332
1019 735 327
1019 729 321
1019 724 316
1019 719 310
1019 714 305
1019 709 303
1019 703 300
1019 698 298
1018 693 296
1018 688 293
1018 682 291
1018 677 289
1018 672 287
1018 666 284
1018 661 282
1017 656 280
1017 650 277
1017 645 275
1017 639 273
1017 634 270
1017 628 268
1017 623 265
1016 617 263
1016 612 261
1016 606 258
1016 601 256
1016 595 254
1016 590 251
1015 584 249
1015 579 246
1015 573 244
1015 567 241
1015 561 239
1015 556 238
1015 550 236
1015 544 234
1015 538 233
1014 532 231
1014 526 229
1014 520 228
1014 514 226
1014 508 224
1014 502 222
1014 495 221
1014 489 219
1014 483 217
1014 476 215
1013 470 213
1013 464 212
1013 457 210
1013 450 208
1013 444 206
1013 437 204
1013 430 202
1013 423 200
1013 416 198
1012 409 196
1012 402 194
1012 395 192
1012 388 190
1012 380 188
1012 373 186
1012 365 183
1012 357 181
1012 349 179
1011 341 177
1011 333 174
1011 325 172
1011 316 169
1009 310 168
1007 305 166
1005 300 165
1002 294 164
1000 289 162
997 284 161
995 279 159
992 274 158
990 268 156
987 263 155
984 258 154
982 252 152
979 247 151
977 241 149
974 236 148
971 230 146
969 225 145
966 219 143
963 214 142
961 208 140
958 202 139
955 197 137
952 191 136
949 185 134
947 179 132
944 173 131
941 167 129
938 161 128
935 155 126
932 149 124
929 142 123
926 136 121
923 130 119
920 123 117
917 117 116
913 110 114
910 104 113
906 101 114
901 98 115
897 95 116
893 92 117
889 89 118
884 86 119
880 83 120
876 81 121
872 78 123
867 75 124
863 72 125
859 69 126
855 66 127
850 63 128
846 60 129
842 57 130
837 54 132
833 51 133
829 48 134
824 45 135
820 42 136
816 39 137
811 36 138
807 33 140
803 31 141
799 28 142
794 25 143
790 22 144
786 19 145
781 16 146
777 13 147
773 10 149
769 7 150
764 4 151
760 1 152
756 0 152
751 0 152
747 0 152
742 0 152
738 0 152
733 0 152
728 0 152
724 0 152
719 0 152
715 0 152
710 0 152
706 0 152
701 0 152
697 0 152
692 0 152
688 0 152
683 0 152
679 0 152
674 0 152
670 0 152
665 0 152
661 0 152
656 0 152
652 0 152
647 0 152
643 0 152
638 0 152
634 0 152
629 0 152
625 0 152
621 0 152
616 0 152
612 0 152
607 0 152
603 0 152
598 0 152
594 0 152
589 0 152
585 0 152
580 0 152
576 0 152
571 0 152
567 0 152
563 0 152
558 0 152
554 0 152
549 0 152
545 0 152
540 0 152
536 0 152
531 0 152
527 0 152
522 0 152
518 0 152
514 0 152
