1023 1023 919
1023 1019 898
1023 1015 878
1023 1011 858
1023 1007 837
1023 1003 817
1023 999 796
1023 995 775
1023 991 755
1023 986 744
1023 981 734
1022 977 723
1022 972 713
1022 967 703
1022 962 692
1021 957 682
1021 953 672
1021 948 662
1021 943 651
1020 938 641
1020 933 631
1020 929 620
1020 924 610
1019 919 600
1019 914 589
1019 909 579
1019 905 569
1019 900 558
1019 895 548
1019 890 537
1019 885 527
1019 880 516
1019 875 506
1019 870 495
1019 865 485
1019 860 474
1019 855 464
1019 850 453
1019 845 442
1019 840 432
1019 835 421
1019 830 411
1019 825 400
1019 820 389
1019 815 379
1019 810 368
1019 805 357
1019 800 346
1019 795 336
1019 790 325
1019 785 316
1019 779 311
1019 774 306
1019 769 301
1019 763 297
1019 758 292
1019 752 287
1019 747 282
1019 742 277
1019 736 273
1019 731 268
1019 725 263
1019 720 258
1019 714 253
1019 709 248
1019 703 244
1019 698 239
1019 692 234
1019 687 229
1019 681 224
1019 676 219
1019 670 214
1019 664 209
1019 659 204
1019 653 199
1019 647 194
1019 642 189
1019 636 184
1019 630 179
1019 624 174
1019 619 169
1018 613 165
1017 609 162
1015 604 160
1013 600 157
1011 595 155
1009 591 153
1007 586 150
1005 582 148
1003 577 146
1001 573 144
999 568 141
997 564 139
995 559 137
993 555 134
991 551 132
989 546 130
987 542 128
985 537 125
983 533 123
981 528 121
979 524 118
977 519 116
975 515 114
974 510 111
972 506 109
970 501 107
968 497 105
966 492 102
964 488 100
962 483 98
960 479 95
958 474 93
956 470 91
954 465 88
952 461 86
950 456 84
948 451 81
945 448 79
942 444 78
939 440 76
936 437 74
933 433 72
930 430 71
927 427 69
923 423 67
920 420 65
917 416 64
914 413 62
911 409 60
908 406 58
905 402 57
902 399 55
899 395 53
896 392 51
893 388 50
889 385 48
886 381 46
883 378 45
880 374 43
877 371 41
874 368 39
871 364 38
868 361 36
865 357 34
862 354 32
859 350 31
856 347 29
853 343 27
850 340 26
846 336 24
843 333 22
840 330 20
837 326 19
834 323 17
831 319 15
828 316 13
825 312 12
822 309 10
819 306 9
815 303 8
811 301 8
806 299 8
802 297 9
798 295 9
794 293 9
789 291 9
785 289 9
781 287 9
777 285 10
773 283 10
768 281 10
764 279 10
760 277 10
756 276 10
752 274 11
748 272 11
743 270 11
739 268 11
735 266 11
731 264 11
727 262 12
723 260 12
719 258 12
715 256 12
710 254 12
706 252 12
702 250 13
698 248 13
694 246 13
690 244 13
686 243 13
682 241 13
678 239 14
674 237 14
670 235 14
665 233 14
661 231 14
657 229 14
653 227 15
649 225 15
645 223 15
641 221 15
637 220 15
633 218 15
629 216 15
625 214 16
621 212 16
617 210 16
613 208 16
608 207 16
604 206 16
599 204 17
595 203 17
590 202 17
586 200 17
582 199 17
577 198 17
573 197 18
568 195 18
564 194 18
559 193 18
555 191 18
551 190 19
546 189 19
542 187 19
537 186 19
533 185 19
528 184 19
524 182 20
520 181 20
515 180 20
511 178 20
506 177 20
502 176 20
498 174 21
493 173 21
489 172 21
484 171 21
480 169 21
475 168 21
471 167 22
467 165 22
462 164 22
458 163 22
453 161 22
449 160 23
445 159 23
440 158 23
436 156 23
431 155 23
427 154 23
422 152 24
418 151 24
414 150 24
409 148 24
